Frame;Hour;Day;Region;Total;Locals;Outsiders;dTotals;dLocals;dOutsiders
0;0;0;Azenha;13768;13683;85;-36;-121;85
0;0;0;Bom Fim;11477;11438;39;-116;-155;39
0;0;0;Centro;39167;39075;92;13;-79;92
0;0;0;Cidade Baixa;15317;15260;57;-62;-119;57
0;0;0;Farroupilha;960;836;124;-1;-125;124
0;0;0;Floresta;11538;11486;52;-58;-110;52
0;0;0;Independência;8143;8004;139;31;-108;139
0;0;0;Menino Deus;31683;31573;110;33;-77;110
0;0;0;Moinhos de Vento;11978;11863;115;41;-74;115
0;0;0;Praia de Belas;2266;2209;57;-15;-72;57
0;0;0;Rio Branco;17574;17441;133;43;-90;133
0;0;0;Santa Cecília;5827;5682;145;59;-86;145
0;0;0;Santana;20791;20650;141;68;-73;141
1;1;0;Azenha;13773;13666;107;5;-17;22
1;1;0;Bom Fim;11468;11422;46;-9;-16;7
1;1;0;Centro;39233;39079;154;66;4;62
1;1;0;Cidade Baixa;15312;15247;65;-5;-13;8
1;1;0;Farroupilha;923;813;110;-37;-23;-14
1;1;0;Floresta;11535;11476;59;-3;-10;7
1;1;0;Independência;8130;7989;141;-13;-15;2
1;1;0;Menino Deus;31705;31563;142;22;-10;32
1;1;0;Moinhos de Vento;11972;11858;114;-6;-5;-1
1;1;0;Praia de Belas;2248;2189;59;-18;-20;2
1;1;0;Rio Branco;17590;17437;153;16;-4;20
1;1;0;Santa Cecília;5812;5671;141;-15;-11;-4
1;1;0;Santana;20788;20636;152;-3;-14;11
2;2;0;Azenha;13787;13692;95;14;26;-12
2;2;0;Bom Fim;11460;11435;25;-8;13;-21
2;2;0;Centro;39229;39094;135;-4;15;-19
2;2;0;Cidade Baixa;15306;15258;48;-6;11;-17
2;2;0;Farroupilha;947;838;109;24;25;-1
2;2;0;Floresta;11538;11491;47;3;15;-12
2;2;0;Independência;8131;8003;128;1;14;-13
2;2;0;Menino Deus;31710;31575;135;5;12;-7
2;2;0;Moinhos de Vento;11973;11867;106;1;9;-8
2;2;0;Praia de Belas;2248;2193;55;0;4;-4
2;2;0;Rio Branco;17582;17448;134;-8;11;-19
2;2;0;Santa Cecília;5802;5678;124;-10;7;-17
2;2;0;Santana;20776;20639;137;-12;3;-15
3;3;0;Azenha;13796;13705;91;9;13;-4
3;3;0;Bom Fim;11460;11449;11;0;14;-14
3;3;0;Centro;39235;39102;133;6;8;-2
3;3;0;Cidade Baixa;15290;15265;25;-16;7;-23
3;3;0;Farroupilha;964;854;110;17;16;1
3;3;0;Floresta;11525;11494;31;-13;3;-16
3;3;0;Independência;8143;8024;119;12;21;-9
3;3;0;Menino Deus;31701;31577;124;-9;2;-11
3;3;0;Moinhos de Vento;11980;11875;105;7;8;-1
3;3;0;Praia de Belas;2257;2209;48;9;16;-7
3;3;0;Rio Branco;17580;17453;127;-2;5;-7
3;3;0;Santa Cecília;5791;5673;118;-11;-5;-6
3;3;0;Santana;20767;20642;125;-9;3;-12
4;4;0;Azenha;13577;12904;673;-219;-801;582
4;4;0;Bom Fim;11218;10627;591;-242;-822;580
4;4;0;Centro;40134;38509;1625;899;-593;1492
4;4;0;Cidade Baixa;15281;14494;787;-9;-771;762
4;4;0;Farroupilha;464;464;0;-500;-390;-110
4;4;0;Floresta;11387;10837;550;-138;-657;519
4;4;0;Independência;7600;7176;424;-543;-848;305
4;4;0;Menino Deus;32426;30979;1447;725;-598;1323
4;4;0;Moinhos de Vento;11891;11232;659;-89;-643;554
4;4;0;Praia de Belas;1831;1609;222;-426;-600;174
4;4;0;Rio Branco;17865;16812;1053;285;-641;926
4;4;0;Santa Cecília;5362;4954;408;-429;-719;290
4;4;0;Santana;21453;20158;1295;686;-484;1170
5;5;0;Azenha;13588;12893;695;11;-11;22
5;5;0;Bom Fim;11226;10632;594;8;5;3
5;5;0;Centro;40179;38508;1671;45;-1;46
5;5;0;Cidade Baixa;15288;14486;802;7;-8;15
5;5;0;Farroupilha;464;464;0;0;0;0
5;5;0;Floresta;11397;10841;556;10;4;6
5;5;0;Independência;7600;7184;416;0;8;-8
5;5;0;Menino Deus;32430;30965;1465;4;-14;18
5;5;0;Moinhos de Vento;11870;11230;640;-21;-2;-19
5;5;0;Praia de Belas;1813;1607;206;-18;-2;-16
5;5;0;Rio Branco;17839;16815;1024;-26;3;-29
5;5;0;Santa Cecília;5351;4961;390;-11;7;-18
5;5;0;Santana;21444;20147;1297;-9;-11;2
6;6;0;Azenha;13593;12207;1386;5;-686;691
6;6;0;Bom Fim;11036;9879;1157;-190;-753;563
6;6;0;Centro;41350;37973;3377;1171;-535;1706
6;6;0;Cidade Baixa;15292;13779;1513;4;-707;711
6;6;0;Farroupilha;471;465;6;7;1;6
6;6;0;Floresta;11277;10260;1017;-120;-581;461
6;6;0;Independência;7202;6479;723;-398;-705;307
6;6;0;Menino Deus;33045;30359;2686;615;-606;1221
6;6;0;Moinhos de Vento;11757;10644;1113;-113;-586;473
6;6;0;Praia de Belas;1368;1136;232;-445;-471;26
6;6;0;Rio Branco;17836;16155;1681;-3;-660;657
6;6;0;Santa Cecília;4833;4301;532;-518;-660;142
6;6;0;Santana;21429;19533;1896;-15;-614;599
7;7;0;Azenha;13534;10743;2791;-59;-1464;1405
7;7;0;Bom Fim;10464;8388;2076;-572;-1491;919
7;7;0;Centro;42952;37076;5876;1602;-897;2499
7;7;0;Cidade Baixa;14904;12384;2520;-388;-1395;1007
7;7;0;Farroupilha;383;268;115;-88;-197;109
7;7;0;Floresta;10805;9097;1708;-472;-1163;691
7;7;0;Independência;6925;5469;1456;-277;-1010;733
7;7;0;Menino Deus;33925;29286;4639;880;-1073;1953
7;7;0;Moinhos de Vento;11688;9618;2070;-69;-1026;957
7;7;0;Praia de Belas;1402;768;634;34;-368;402
7;7;0;Rio Branco;17692;14935;2757;-144;-1220;1076
7;7;0;Santa Cecília;4492;3291;1201;-341;-1010;669
7;7;0;Santana;21323;18395;2928;-106;-1138;1032
8;8;0;Azenha;13396;10975;2421;-138;232;-370
8;8;0;Bom Fim;10469;8593;1876;5;205;-200
8;8;0;Centro;43142;37273;5869;190;197;-7
8;8;0;Cidade Baixa;15012;12582;2430;108;198;-90
8;8;0;Farroupilha;299;234;65;-84;-34;-50
8;8;0;Floresta;10841;9211;1630;36;114;-78
8;8;0;Independência;6562;5534;1028;-363;65;-428
8;8;0;Menino Deus;34014;29437;4577;89;151;-62
8;8;0;Moinhos de Vento;11463;9660;1803;-225;42;-267
8;8;0;Praia de Belas;1400;934;466;-2;166;-168
8;8;0;Rio Branco;17751;15030;2721;59;95;-36
8;8;0;Santa Cecília;4514;3527;987;22;236;-214
8;8;0;Santana;21626;18480;3146;303;85;218
9;9;0;Azenha;13369;10975;2394;-27;0;-27
9;9;0;Bom Fim;10412;8553;1859;-57;-40;-17
9;9;0;Centro;43372;37265;6107;230;-8;238
9;9;0;Cidade Baixa;15025;12539;2486;13;-43;56
9;9;0;Farroupilha;263;243;20;-36;9;-45
9;9;0;Floresta;10840;9182;1658;-1;-29;28
9;9;0;Independência;6569;5521;1048;7;-13;20
9;9;0;Menino Deus;34184;29450;4734;170;13;157
9;9;0;Moinhos de Vento;11395;9636;1759;-68;-24;-44
9;9;0;Praia de Belas;1312;920;392;-88;-14;-74
9;9;0;Rio Branco;17776;15059;2717;25;29;-4
9;9;0;Santa Cecília;4433;3536;897;-81;9;-90
9;9;0;Santana;21539;18463;3076;-87;-17;-70
10;10;0;Azenha;13373;11080;2293;4;105;-101
10;10;0;Bom Fim;10456;8821;1635;44;268;-224
10;10;0;Centro;43414;37238;6176;42;-27;69
10;10;0;Cidade Baixa;14919;12761;2158;-106;222;-328
10;10;0;Farroupilha;234;234;0;-29;-9;-20
10;10;0;Floresta;10645;9254;1391;-195;72;-267
10;10;0;Independência;6918;5787;1131;349;266;83
10;10;0;Menino Deus;33818;29452;4366;-366;2;-368
10;10;0;Moinhos de Vento;11497;9787;1710;102;151;-49
10;10;0;Praia de Belas;1550;1039;511;238;119;119
10;10;0;Rio Branco;17574;15105;2469;-202;46;-248
10;10;0;Santa Cecília;4620;3722;898;187;186;1
10;10;0;Santana;21471;18667;2804;-68;204;-272
11;11;0;Azenha;13494;12253;1241;121;1173;-1052
11;11;0;Bom Fim;10754;9941;813;298;1120;-822
11;11;0;Centro;42323;37961;4362;-1091;723;-1814
11;11;0;Cidade Baixa;15122;13790;1332;203;1029;-826
11;11;0;Farroupilha;309;309;0;75;75;0
11;11;0;Floresta;11012;10167;845;367;913;-546
11;11;0;Independência;7161;6508;653;243;721;-478
11;11;0;Menino Deus;33113;30218;2895;-705;766;-1471
11;11;0;Moinhos de Vento;11639;10553;1086;142;766;-624
11;11;0;Praia de Belas;1628;1207;421;78;168;-90
11;11;0;Rio Branco;17597;15943;1654;23;838;-815
11;11;0;Santa Cecília;4873;4461;412;253;739;-486
11;11;0;Santana;21464;19406;2058;-7;739;-746
12;12;0;Azenha;13472;11671;1801;-22;-582;560
12;12;0;Bom Fim;10666;9280;1386;-88;-661;573
12;12;0;Centro;44039;37737;6302;1716;-224;1940
12;12;0;Cidade Baixa;14765;13141;1624;-357;-649;292
12;12;0;Farroupilha;290;216;74;-19;-93;74
12;12;0;Floresta;10760;9583;1177;-252;-584;332
12;12;0;Independência;6842;5928;914;-319;-580;261
12;12;0;Menino Deus;33507;29655;3852;394;-563;957
12;12;0;Moinhos de Vento;11486;10138;1348;-153;-415;262
12;12;0;Praia de Belas;1420;993;427;-208;-214;6
12;12;0;Rio Branco;17330;15245;2085;-267;-698;431
12;12;0;Santa Cecília;4617;3840;777;-256;-621;365
12;12;0;Santana;21295;18732;2563;-169;-674;505
13;13;0;Azenha;13340;11663;1677;-132;-8;-124
13;13;0;Bom Fim;10505;9227;1278;-161;-53;-108
13;13;0;Centro;44208;37721;6487;169;-16;185
13;13;0;Cidade Baixa;14776;13057;1719;11;-84;95
13;13;0;Farroupilha;219;214;5;-71;-2;-69
13;13;0;Floresta;10839;9586;1253;79;3;76
13;13;0;Independência;6783;5905;878;-59;-23;-36
13;13;0;Menino Deus;33782;29675;4107;275;20;255
13;13;0;Moinhos de Vento;11476;10090;1386;-10;-48;38
13;13;0;Praia de Belas;1298;967;331;-122;-26;-96
13;13;0;Rio Branco;17528;15262;2266;198;17;181
13;13;0;Santa Cecília;4475;3779;696;-142;-61;-81
13;13;0;Santana;21260;18659;2601;-35;-73;38
14;14;0;Azenha;13519;11756;1763;179;93;86
14;14;0;Bom Fim;10770;9334;1436;265;107;158
14;14;0;Centro;43712;37691;6021;-496;-30;-466
14;14;0;Cidade Baixa;14812;13145;1667;36;88;-52
14;14;0;Farroupilha;200;200;0;-19;-14;-5
14;14;0;Floresta;10784;9630;1154;-55;44;-99
14;14;0;Independência;7071;6096;975;288;191;97
14;14;0;Menino Deus;33333;29661;3672;-449;-14;-435
14;14;0;Moinhos de Vento;11642;10218;1424;166;128;38
14;14;0;Praia de Belas;1490;1138;352;192;171;21
14;14;0;Rio Branco;17395;15253;2142;-133;-9;-124
14;14;0;Santa Cecília;4591;3829;762;116;50;66
14;14;0;Santana;21170;18765;2405;-90;106;-196
15;15;0;Azenha;13226;11790;1436;-293;34;-327
15;15;0;Bom Fim;10689;9433;1256;-81;99;-180
15;15;0;Centro;43784;37701;6083;72;10;62
15;15;0;Cidade Baixa;14942;13167;1775;130;22;108
15;15;0;Farroupilha;226;226;0;26;26;0
15;15;0;Floresta;10960;9733;1227;176;103;73
15;15;0;Independência;6780;6165;615;-291;69;-360
15;15;0;Menino Deus;33736;29787;3949;403;126;277
15;15;0;Moinhos de Vento;11473;10201;1272;-169;-17;-152
15;15;0;Praia de Belas;1352;1124;228;-138;-14;-124
15;15;0;Rio Branco;17626;15349;2277;231;96;135
15;15;0;Santa Cecília;4512;3869;643;-79;40;-119
15;15;0;Santana;21183;18734;2449;13;-31;44
16;16;0;Azenha;13147;12018;1129;-79;228;-307
16;16;0;Bom Fim;10764;9742;1022;75;309;-234
16;16;0;Centro;43364;37904;5460;-420;203;-623
16;16;0;Cidade Baixa;15043;13424;1619;101;257;-156
16;16;0;Farroupilha;207;207;0;-19;-19;0
16;16;0;Floresta;11142;9987;1155;182;254;-72
16;16;0;Independência;6849;6467;382;69;302;-233
16;16;0;Menino Deus;33523;29999;3524;-213;212;-425
16;16;0;Moinhos de Vento;11416;10453;963;-57;252;-309
16;16;0;Praia de Belas;1437;1248;189;85;124;-39
16;16;0;Rio Branco;17583;15547;2036;-43;198;-241
16;16;0;Santa Cecília;4626;4111;515;114;242;-128
16;16;0;Santana;21388;18881;2507;205;147;58
17;17;0;Azenha;13329;12970;359;182;952;-770
17;17;0;Bom Fim;10955;10646;309;191;904;-713
17;17;0;Centro;41572;38528;3044;-1792;624;-2416
17;17;0;Cidade Baixa;15252;14354;898;209;930;-721
17;17;0;Farroupilha;402;402;0;195;195;0
17;17;0;Floresta;11263;10729;534;121;742;-621
17;17;0;Independência;7511;7283;228;662;816;-154
17;17;0;Menino Deus;32799;30676;2123;-724;677;-1401
17;17;0;Moinhos de Vento;11751;11174;577;335;721;-386
17;17;0;Praia de Belas;1680;1595;85;243;347;-104
17;17;0;Rio Branco;17643;16384;1259;60;837;-777
17;17;0;Santa Cecília;5016;4844;172;390;733;-343
17;17;0;Santana;21316;19577;1739;-72;696;-768
18;18;0;Azenha;13585;12891;694;256;-79;335
18;18;0;Bom Fim;11051;10504;547;96;-142;238
18;18;0;Centro;40816;38106;2710;-756;-422;-334
18;18;0;Cidade Baixa;15152;14203;949;-100;-151;51
18;18;0;Farroupilha;366;366;0;-36;-36;0
18;18;0;Floresta;11323;10653;670;60;-76;136
18;18;0;Independência;7623;7223;400;112;-60;172
18;18;0;Menino Deus;32847;30467;2380;48;-209;257
18;18;0;Moinhos de Vento;11793;11111;682;42;-63;105
18;18;0;Praia de Belas;1763;1643;120;83;48;35
18;18;0;Rio Branco;17562;16213;1349;-81;-171;90
18;18;0;Santa Cecília;5221;4803;418;205;-41;246
18;18;0;Santana;21387;19648;1739;71;71;0
19;19;0;Azenha;13577;12959;618;-8;68;-76
19;19;0;Bom Fim;11071;10595;476;20;91;-71
19;19;0;Centro;40863;38215;2648;47;109;-62
19;19;0;Cidade Baixa;15193;14348;845;41;145;-104
19;19;0;Farroupilha;433;433;0;67;67;0
19;19;0;Floresta;11339;10746;593;16;93;-77
19;19;0;Independência;7606;7284;322;-17;61;-78
19;19;0;Menino Deus;32885;30568;2317;38;101;-63
19;19;0;Moinhos de Vento;11811;11164;647;18;53;-35
19;19;0;Praia de Belas;1682;1664;18;-81;21;-102
19;19;0;Rio Branco;17570;16302;1268;8;89;-81
19;19;0;Santa Cecília;5228;4896;332;7;93;-86
19;19;0;Santana;21231;19623;1608;-156;-25;-131
20;20;0;Azenha;13685;13685;0;108;726;-618
20;20;0;Bom Fim;11473;11419;54;402;824;-422
20;20;0;Centro;39232;39005;227;-1631;790;-2421
20;20;0;Cidade Baixa;15284;15187;97;91;839;-748
20;20;0;Farroupilha;1043;834;209;610;401;209
20;20;0;Floresta;11514;11417;97;175;671;-496
20;20;0;Independência;8052;7946;106;446;662;-216
20;20;0;Menino Deus;31807;31394;413;-1078;826;-1904
20;20;0;Moinhos de Vento;11867;11748;119;56;584;-528
20;20;0;Praia de Belas;2397;2187;210;715;523;192
20;20;0;Rio Branco;17413;17186;227;-157;884;-1041
20;20;0;Santa Cecília;5828;5555;273;600;659;-59
20;20;0;Santana;20894;20431;463;-337;808;-1145
21;21;0;Azenha;13727;13720;7;42;35;7
21;21;0;Bom Fim;11499;11483;16;26;64;-38
21;21;0;Centro;39341;39072;269;109;67;42
21;21;0;Cidade Baixa;15323;15248;75;39;61;-22
21;21;0;Farroupilha;1009;880;129;-34;46;-80
21;21;0;Floresta;11532;11492;40;18;75;-57
21;21;0;Independência;8015;8013;2;-37;67;-104
21;21;0;Menino Deus;31798;31511;287;-9;117;-126
21;21;0;Moinhos de Vento;11874;11835;39;7;87;-80
21;21;0;Praia de Belas;2299;2205;94;-98;18;-116
21;21;0;Rio Branco;17501;17339;162;88;153;-65
21;21;0;Santa Cecília;5782;5632;150;-46;77;-123
21;21;0;Santana;20789;20542;247;-105;111;-216
22;22;0;Azenha;13801;13658;143;74;-62;136
22;22;0;Bom Fim;11554;11415;139;55;-68;123
22;22;0;Centro;39266;39030;236;-75;-42;-33
22;22;0;Cidade Baixa;15362;15216;146;39;-32;71
22;22;0;Farroupilha;988;839;149;-21;-41;20
22;22;0;Floresta;11576;11446;130;44;-46;90
22;22;0;Independência;8106;7970;136;91;-43;134
22;22;0;Menino Deus;31669;31455;214;-129;-56;-73
22;22;0;Moinhos de Vento;11951;11810;141;77;-25;102
22;22;0;Praia de Belas;2343;2196;147;44;-9;53
22;22;0;Rio Branco;17442;17294;148;-59;-45;-14
22;22;0;Santa Cecília;5749;5599;150;-33;-33;0
22;22;0;Santana;20682;20496;186;-107;-46;-61
23;23;0;Azenha;13804;13804;0;3;146;-143
23;23;0;Bom Fim;11593;11593;0;39;178;-139
23;23;0;Centro;39154;39154;0;-112;124;-236
23;23;0;Cidade Baixa;15379;15379;0;17;163;-146
23;23;0;Farroupilha;961;961;0;-27;122;-149
23;23;0;Floresta;11596;11596;0;20;150;-130
23;23;0;Independência;8112;8112;0;6;142;-136
23;23;0;Menino Deus;31650;31650;0;-19;195;-214
23;23;0;Moinhos de Vento;11937;11937;0;-14;127;-141
23;23;0;Praia de Belas;2281;2281;0;-62;85;-147
23;23;0;Rio Branco;17531;17531;0;89;237;-148
23;23;0;Santa Cecília;5768;5768;0;19;169;-150
23;23;0;Santana;20723;20723;0;41;227;-186
24;0;1;Azenha;13768;13683;85;-36;-121;85
24;0;1;Bom Fim;11477;11438;39;-116;-155;39
24;0;1;Centro;39167;39076;91;13;-78;91
24;0;1;Cidade Baixa;15315;15258;57;-64;-121;57
24;0;1;Farroupilha;960;835;125;-1;-126;125
24;0;1;Floresta;11538;11486;52;-58;-110;52
24;0;1;Independência;8143;8004;139;31;-108;139
24;0;1;Menino Deus;31687;31573;114;37;-77;114
24;0;1;Moinhos de Vento;11978;11863;115;41;-74;115
24;0;1;Praia de Belas;2265;2208;57;-16;-73;57
24;0;1;Rio Branco;17574;17441;133;43;-90;133
24;0;1;Santa Cecília;5827;5682;145;59;-86;145
24;0;1;Santana;20790;20649;141;67;-74;141
25;1;1;Azenha;13771;13665;106;3;-18;21
25;1;1;Bom Fim;11468;11422;46;-9;-16;7
25;1;1;Centro;39233;39079;154;66;3;63
25;1;1;Cidade Baixa;15311;15246;65;-4;-12;8
25;1;1;Farroupilha;923;811;112;-37;-24;-13
25;1;1;Floresta;11535;11476;59;-3;-10;7
25;1;1;Independência;8130;7989;141;-13;-15;2
25;1;1;Menino Deus;31708;31562;146;21;-11;32
25;1;1;Moinhos de Vento;11972;11858;114;-6;-5;-1
25;1;1;Praia de Belas;2247;2188;59;-18;-20;2
25;1;1;Rio Branco;17590;17437;153;16;-4;20
25;1;1;Santa Cecília;5812;5670;142;-15;-12;-3
25;1;1;Santana;20789;20636;153;-1;-13;12
26;2;1;Azenha;13783;13690;93;12;25;-13
26;2;1;Bom Fim;11460;11434;26;-8;12;-20
26;2;1;Centro;39230;39092;138;-3;13;-16
26;2;1;Cidade Baixa;15303;15256;47;-8;10;-18
26;2;1;Farroupilha;948;838;110;25;27;-2
26;2;1;Floresta;11537;11489;48;2;13;-11
26;2;1;Independência;8132;8004;128;2;15;-13
26;2;1;Menino Deus;31707;31572;135;-1;10;-11
26;2;1;Moinhos de Vento;11972;11868;104;0;10;-10
26;2;1;Praia de Belas;2248;2193;55;1;5;-4
26;2;1;Rio Branco;17587;17448;139;-3;11;-14
26;2;1;Santa Cecília;5805;5680;125;-7;10;-17
26;2;1;Santana;20777;20638;139;-12;2;-14
27;3;1;Azenha;13796;13705;91;13;15;-2
27;3;1;Bom Fim;11460;11449;11;0;15;-15
27;3;1;Centro;39234;39101;133;4;9;-5
27;3;1;Cidade Baixa;15284;15261;23;-19;5;-24
27;3;1;Farroupilha;968;857;111;20;19;1
27;3;1;Floresta;11526;11494;32;-11;5;-16
27;3;1;Independência;8142;8023;119;10;19;-9
27;3;1;Menino Deus;31689;31577;112;-18;5;-23
27;3;1;Moinhos de Vento;11979;11876;103;7;8;-1
27;3;1;Praia de Belas;2259;2210;49;11;17;-6
27;3;1;Rio Branco;17582;17451;131;-5;3;-8
27;3;1;Santa Cecília;5801;5679;122;-4;-1;-3
27;3;1;Santana;20769;20640;129;-8;2;-10
28;4;1;Azenha;13580;12901;679;-216;-804;588
28;4;1;Bom Fim;11213;10621;592;-247;-828;581
28;4;1;Centro;40136;38504;1632;902;-597;1499
28;4;1;Cidade Baixa;15271;14488;783;-13;-773;760
28;4;1;Farroupilha;460;460;0;-508;-397;-111
28;4;1;Floresta;11382;10835;547;-144;-659;515
28;4;1;Independência;7597;7177;420;-545;-846;301
28;4;1;Menino Deus;32429;30967;1462;740;-610;1350
28;4;1;Moinhos de Vento;11904;11237;667;-75;-639;564
28;4;1;Praia de Belas;1822;1602;220;-437;-608;171
28;4;1;Rio Branco;17868;16811;1057;286;-640;926
28;4;1;Santa Cecília;5376;4961;415;-425;-718;293
28;4;1;Santana;21451;20160;1291;682;-480;1162
29;5;1;Azenha;13596;12899;697;16;-2;18
29;5;1;Bom Fim;11220;10624;596;7;3;4
29;5;1;Centro;40173;38504;1669;37;0;37
29;5;1;Cidade Baixa;15283;14484;799;12;-4;16
29;5;1;Farroupilha;460;459;1;0;-1;1
29;5;1;Floresta;11398;10845;553;16;10;6
29;5;1;Independência;7599;7184;415;2;7;-5
29;5;1;Menino Deus;32424;30956;1468;-5;-11;6
29;5;1;Moinhos de Vento;11885;11235;650;-19;-2;-17
29;5;1;Praia de Belas;1806;1598;208;-16;-4;-12
29;5;1;Rio Branco;17841;16814;1027;-27;3;-30
29;5;1;Santa Cecília;5368;4969;399;-8;8;-16
29;5;1;Santana;21436;20149;1287;-15;-11;-4
30;6;1;Azenha;13599;12206;1393;3;-693;696
30;6;1;Bom Fim;11034;9873;1161;-186;-751;565
30;6;1;Centro;41337;37971;3366;1164;-533;1697
30;6;1;Cidade Baixa;15282;13767;1515;-1;-717;716
30;6;1;Farroupilha;479;466;13;19;7;12
30;6;1;Floresta;11281;10264;1017;-117;-581;464
30;6;1;Independência;7206;6483;723;-393;-701;308
30;6;1;Menino Deus;33024;30337;2687;600;-619;1219
30;6;1;Moinhos de Vento;11773;10653;1120;-112;-582;470
30;6;1;Praia de Belas;1368;1132;236;-438;-466;28
30;6;1;Rio Branco;17828;16158;1670;-13;-656;643
30;6;1;Santa Cecília;4848;4311;537;-520;-658;138
30;6;1;Santana;21430;19537;1893;-6;-612;606
31;7;1;Azenha;13533;10757;2776;-66;-1449;1383
31;7;1;Bom Fim;10439;8371;2068;-595;-1502;907
31;7;1;Centro;42930;37064;5866;1593;-907;2500
31;7;1;Cidade Baixa;14908;12387;2521;-374;-1380;1006
31;7;1;Farroupilha;380;269;111;-99;-197;98
31;7;1;Floresta;10804;9100;1704;-477;-1164;687
31;7;1;Independência;6921;5467;1454;-285;-1016;731
31;7;1;Menino Deus;33932;29292;4640;908;-1045;1953
31;7;1;Moinhos de Vento;11709;9623;2086;-64;-1030;966
31;7;1;Praia de Belas;1409;766;643;41;-366;407
31;7;1;Rio Branco;17697;14937;2760;-131;-1221;1090
31;7;1;Santa Cecília;4503;3298;1205;-345;-1013;668
31;7;1;Santana;21324;18398;2926;-106;-1139;1033
32;8;1;Azenha;13406;10971;2435;-127;214;-341
32;8;1;Bom Fim;10442;8574;1868;3;203;-200
32;8;1;Centro;43123;37241;5882;193;177;16
32;8;1;Cidade Baixa;15002;12571;2431;94;184;-90
32;8;1;Farroupilha;294;233;61;-86;-36;-50
32;8;1;Floresta;10843;9204;1639;39;104;-65
32;8;1;Independência;6558;5532;1026;-363;65;-428
32;8;1;Menino Deus;34002;29413;4589;70;121;-51
32;8;1;Moinhos de Vento;11460;9662;1798;-249;39;-288
32;8;1;Praia de Belas;1412;939;473;3;173;-170
32;8;1;Rio Branco;17784;15041;2743;87;104;-17
32;8;1;Santa Cecília;4517;3527;990;14;229;-215
32;8;1;Santana;21646;18480;3166;322;82;240
33;9;1;Azenha;13371;10967;2404;-35;-4;-31
33;9;1;Bom Fim;10402;8549;1853;-40;-25;-15
33;9;1;Centro;43362;37237;6125;239;-4;243
33;9;1;Cidade Baixa;15005;12530;2475;3;-41;44
33;9;1;Farroupilha;260;242;18;-34;9;-43
33;9;1;Floresta;10828;9162;1666;-15;-42;27
33;9;1;Independência;6569;5522;1047;11;-10;21
33;9;1;Menino Deus;34172;29418;4754;170;5;165
33;9;1;Moinhos de Vento;11384;9625;1759;-76;-37;-39
33;9;1;Praia de Belas;1322;926;396;-90;-13;-77
33;9;1;Rio Branco;17808;15053;2755;24;12;12
33;9;1;Santa Cecília;4460;3560;900;-57;33;-90
33;9;1;Santana;21546;18453;3093;-100;-27;-73
34;10;1;Azenha;13379;11078;2301;8;111;-103
34;10;1;Bom Fim;10441;8815;1626;39;266;-227
34;10;1;Centro;43416;37224;6192;54;-13;67
34;10;1;Cidade Baixa;14872;12744;2128;-133;214;-347
34;10;1;Farroupilha;234;234;0;-26;-8;-18
34;10;1;Floresta;10644;9244;1400;-184;82;-266
34;10;1;Independência;6929;5798;1131;360;276;84
34;10;1;Menino Deus;33842;29426;4416;-330;8;-338
34;10;1;Moinhos de Vento;11479;9769;1710;95;144;-49
34;10;1;Praia de Belas;1569;1061;508;247;135;112
34;10;1;Rio Branco;17585;15095;2490;-223;42;-265
34;10;1;Santa Cecília;4630;3727;903;170;167;3
34;10;1;Santana;21469;18659;2810;-77;206;-283
35;11;1;Azenha;13465;12241;1224;86;1163;-1077
35;11;1;Bom Fim;10764;9957;807;323;1142;-819
35;11;1;Centro;42303;37934;4369;-1113;710;-1823
35;11;1;Cidade Baixa;15095;13770;1325;223;1026;-803
35;11;1;Farroupilha;309;309;0;75;75;0
35;11;1;Floresta;10998;10149;849;354;905;-551
35;11;1;Independência;7190;6534;656;261;736;-475
35;11;1;Menino Deus;33144;30227;2917;-698;801;-1499
35;11;1;Moinhos de Vento;11650;10560;1090;171;791;-620
35;11;1;Praia de Belas;1637;1223;414;68;162;-94
35;11;1;Rio Branco;17594;15922;1672;9;827;-818
35;11;1;Santa Cecília;4893;4474;419;263;747;-484
35;11;1;Santana;21447;19412;2035;-22;753;-775
36;12;1;Azenha;13403;11666;1737;-62;-575;513
36;12;1;Bom Fim;10683;9293;1390;-81;-664;583
36;12;1;Centro;44026;37767;6259;1723;-167;1890
36;12;1;Cidade Baixa;14756;13125;1631;-339;-645;306
36;12;1;Farroupilha;284;210;74;-25;-99;74
36;12;1;Floresta;10756;9586;1170;-242;-563;321
36;12;1;Independência;6846;5924;922;-344;-610;266
36;12;1;Menino Deus;33559;29675;3884;415;-552;967
36;12;1;Moinhos de Vento;11474;10138;1336;-176;-422;246
36;12;1;Praia de Belas;1418;994;424;-219;-229;10
36;12;1;Rio Branco;17368;15260;2108;-226;-662;436
36;12;1;Santa Cecília;4614;3845;769;-279;-629;350
36;12;1;Santana;21302;18732;2570;-145;-680;535
37;13;1;Azenha;13299;11667;1632;-104;1;-105
37;13;1;Bom Fim;10530;9255;1275;-153;-38;-115
37;13;1;Centro;44180;37736;6444;154;-31;185
37;13;1;Cidade Baixa;14769;13043;1726;13;-82;95
37;13;1;Farroupilha;211;208;3;-73;-2;-71
37;13;1;Floresta;10803;9564;1239;47;-22;69
37;13;1;Independência;6799;5908;891;-47;-16;-31
37;13;1;Menino Deus;33821;29695;4126;262;20;242
37;13;1;Moinhos de Vento;11479;10102;1377;5;-36;41
37;13;1;Praia de Belas;1306;969;337;-112;-25;-87
37;13;1;Rio Branco;17557;15279;2278;189;19;170
37;13;1;Santa Cecília;4472;3786;686;-142;-59;-83
37;13;1;Santana;21263;18658;2605;-39;-74;35
38;14;1;Azenha;13472;11760;1712;173;93;80
38;14;1;Bom Fim;10783;9341;1442;253;86;167
38;14;1;Centro;43683;37697;5986;-497;-39;-458
38;14;1;Cidade Baixa;14838;13162;1676;69;119;-50
38;14;1;Farroupilha;198;198;0;-13;-10;-3
38;14;1;Floresta;10800;9627;1173;-3;63;-66
38;14;1;Independência;7085;6100;985;286;192;94
38;14;1;Menino Deus;33335;29670;3665;-486;-25;-461
38;14;1;Moinhos de Vento;11652;10241;1411;173;139;34
38;14;1;Praia de Belas;1497;1142;355;191;173;18
38;14;1;Rio Branco;17407;15251;2156;-150;-28;-122
38;14;1;Santa Cecília;4615;3850;765;143;64;79
38;14;1;Santana;21124;18754;2370;-139;96;-235
39;15;1;Azenha;13192;11792;1400;-280;32;-312
39;15;1;Bom Fim;10699;9443;1256;-84;102;-186
39;15;1;Centro;43747;37693;6054;64;-4;68
39;15;1;Cidade Baixa;14941;13167;1774;103;5;98
39;15;1;Farroupilha;221;221;0;23;23;0
39;15;1;Floresta;10983;9741;1242;183;114;69
39;15;1;Independência;6791;6168;623;-294;68;-362
39;15;1;Menino Deus;33718;29777;3941;383;107;276
39;15;1;Moinhos de Vento;11515;10229;1286;-137;-12;-125
39;15;1;Praia de Belas;1362;1126;236;-135;-16;-119
39;15;1;Rio Branco;17639;15361;2278;232;110;122
39;15;1;Santa Cecília;4532;3884;648;-83;34;-117
39;15;1;Santana;21149;18720;2429;25;-34;59
40;16;1;Azenha;13120;12008;1112;-72;216;-288
40;16;1;Bom Fim;10794;9778;1016;95;335;-240
40;16;1;Centro;43338;37902;5436;-409;209;-618
40;16;1;Cidade Baixa;15079;13445;1634;138;278;-140
40;16;1;Farroupilha;206;206;0;-15;-15;0
40;16;1;Floresta;11157;10010;1147;174;269;-95
40;16;1;Independência;6826;6449;377;35;281;-246
40;16;1;Menino Deus;33444;29950;3494;-274;173;-447
40;16;1;Moinhos de Vento;11450;10481;969;-65;252;-317
40;16;1;Praia de Belas;1424;1237;187;62;111;-49
40;16;1;Rio Branco;17630;15553;2077;-9;192;-201
40;16;1;Santa Cecília;4619;4104;515;87;220;-133
40;16;1;Santana;21402;18889;2513;253;169;84
41;17;1;Azenha;13315;12960;355;195;952;-757
41;17;1;Bom Fim;10971;10662;309;177;884;-707
41;17;1;Centro;41566;38504;3062;-1772;602;-2374
41;17;1;Cidade Baixa;15268;14369;899;189;924;-735
41;17;1;Farroupilha;393;393;0;187;187;0
41;17;1;Floresta;11283;10752;531;126;742;-616
41;17;1;Independência;7522;7295;227;696;846;-150
41;17;1;Menino Deus;32744;30654;2090;-700;704;-1404
41;17;1;Moinhos de Vento;11766;11196;570;316;715;-399
41;17;1;Praia de Belas;1676;1588;88;252;351;-99
41;17;1;Rio Branco;17675;16386;1289;45;833;-788
41;17;1;Santa Cecília;4989;4815;174;370;711;-341
41;17;1;Santana;21321;19591;1730;-81;702;-783
42;18;1;Azenha;13579;12880;699;264;-80;344
42;18;1;Bom Fim;11089;10540;549;118;-122;240
42;18;1;Centro;40823;38110;2713;-743;-394;-349
42;18;1;Cidade Baixa;15146;14192;954;-122;-177;55
42;18;1;Farroupilha;365;365;0;-28;-28;0
42;18;1;Floresta;11327;10659;668;44;-93;137
42;18;1;Independência;7621;7225;396;99;-70;169
42;18;1;Menino Deus;32854;30470;2384;110;-184;294
42;18;1;Moinhos de Vento;11787;11116;671;21;-80;101
42;18;1;Praia de Belas;1748;1623;125;72;35;37
42;18;1;Rio Branco;17582;16215;1367;-93;-171;78
42;18;1;Santa Cecília;5186;4777;409;197;-38;235
42;18;1;Santana;21382;19644;1738;61;53;8
43;19;1;Azenha;13585;12958;627;6;78;-72
43;19;1;Bom Fim;11097;10614;483;8;74;-66
43;19;1;Centro;40880;38225;2655;57;115;-58
43;19;1;Cidade Baixa;15165;14328;837;19;136;-117
43;19;1;Farroupilha;433;433;0;68;68;0
43;19;1;Floresta;11342;10762;580;15;103;-88
43;19;1;Independência;7607;7284;323;-14;59;-73
43;19;1;Menino Deus;32877;30571;2306;23;101;-78
43;19;1;Moinhos de Vento;11818;11171;647;31;55;-24
43;19;1;Praia de Belas;1662;1639;23;-86;16;-102
43;19;1;Rio Branco;17597;16318;1279;15;103;-88
43;19;1;Santa Cecília;5209;4872;337;23;95;-72
43;19;1;Santana;21217;19630;1587;-165;-14;-151
44;20;1;Azenha;13681;13681;0;96;723;-627
44;20;1;Bom Fim;11479;11427;52;382;813;-431
44;20;1;Centro;39216;39002;214;-1664;777;-2441
44;20;1;Cidade Baixa;15292;15201;91;127;873;-746
44;20;1;Farroupilha;1042;834;208;609;401;208
44;20;1;Floresta;11520;11423;97;178;661;-483
44;20;1;Independência;8067;7963;104;460;679;-219
44;20;1;Menino Deus;31822;31401;421;-1055;830;-1885
44;20;1;Moinhos de Vento;11860;11748;112;42;577;-535
44;20;1;Praia de Belas;2392;2188;204;730;549;181
44;20;1;Rio Branco;17406;17213;193;-191;895;-1086
44;20;1;Santa Cecília;5824;5542;282;615;670;-55
44;20;1;Santana;20888;20422;466;-329;792;-1121
45;21;1;Azenha;13727;13721;6;46;40;6
45;21;1;Bom Fim;11495;11485;10;16;58;-42
45;21;1;Centro;39325;39070;255;109;68;41
45;21;1;Cidade Baixa;15330;15256;74;38;55;-17
45;21;1;Farroupilha;1006;880;126;-36;46;-82
45;21;1;Floresta;11535;11496;39;15;73;-58
45;21;1;Independência;8016;8016;0;-51;53;-104
45;21;1;Menino Deus;31806;31520;286;-16;119;-135
45;21;1;Moinhos de Vento;11877;11841;36;17;93;-76
45;21;1;Praia de Belas;2283;2195;88;-109;7;-116
45;21;1;Rio Branco;17517;17355;162;111;142;-31
45;21;1;Santa Cecília;5771;5620;151;-53;78;-131
45;21;1;Santana;20801;20553;248;-87;131;-218
46;22;1;Azenha;13792;13652;140;65;-69;134
46;22;1;Bom Fim;11556;11416;140;61;-69;130
46;22;1;Centro;39253;39024;229;-72;-46;-26
46;22;1;Cidade Baixa;15362;15214;148;32;-42;74
46;22;1;Farroupilha;993;844;149;-13;-36;23
46;22;1;Floresta;11600;11461;139;65;-35;100
46;22;1;Independência;8100;7963;137;84;-53;137
46;22;1;Menino Deus;31668;31459;209;-138;-61;-77
46;22;1;Moinhos de Vento;11952;11810;142;75;-31;106
46;22;1;Praia de Belas;2324;2185;139;41;-10;51
46;22;1;Rio Branco;17457;17299;158;-60;-56;-4
46;22;1;Santa Cecília;5734;5586;148;-37;-34;-3
46;22;1;Santana;20698;20504;194;-103;-49;-54
47;23;1;Azenha;13804;13804;0;12;152;-140
47;23;1;Bom Fim;11593;11593;0;37;177;-140
47;23;1;Centro;39154;39154;0;-99;130;-229
47;23;1;Cidade Baixa;15379;15379;0;17;165;-148
47;23;1;Farroupilha;961;961;0;-32;117;-149
47;23;1;Floresta;11596;11596;0;-4;135;-139
47;23;1;Independência;8112;8112;0;12;149;-137
47;23;1;Menino Deus;31650;31650;0;-18;191;-209
47;23;1;Moinhos de Vento;11937;11937;0;-15;127;-142
47;23;1;Praia de Belas;2281;2281;0;-43;96;-139
47;23;1;Rio Branco;17531;17531;0;74;232;-158
47;23;1;Santa Cecília;5768;5768;0;34;182;-148
47;23;1;Santana;20723;20723;0;25;219;-194
48;0;2;Azenha;13768;13683;85;-36;-121;85
48;0;2;Bom Fim;11477;11438;39;-116;-155;39
48;0;2;Centro;39167;39075;92;13;-79;92
48;0;2;Cidade Baixa;15317;15260;57;-62;-119;57
48;0;2;Farroupilha;960;836;124;-1;-125;124
48;0;2;Floresta;11538;11486;52;-58;-110;52
48;0;2;Independência;8143;8004;139;31;-108;139
48;0;2;Menino Deus;31683;31573;110;33;-77;110
48;0;2;Moinhos de Vento;11978;11863;115;41;-74;115
48;0;2;Praia de Belas;2266;2209;57;-15;-72;57
48;0;2;Rio Branco;17574;17440;134;43;-91;134
48;0;2;Santa Cecília;5827;5682;145;59;-86;145
48;0;2;Santana;20791;20650;141;68;-73;141
49;1;2;Azenha;13770;13665;105;2;-18;20
49;1;2;Bom Fim;11468;11422;46;-9;-16;7
49;1;2;Centro;39233;39080;153;66;5;61
49;1;2;Cidade Baixa;15313;15247;66;-4;-13;9
49;1;2;Farroupilha;923;811;112;-37;-25;-12
49;1;2;Floresta;11535;11476;59;-3;-10;7
49;1;2;Independência;8130;7989;141;-13;-15;2
49;1;2;Menino Deus;31705;31562;143;22;-11;33
49;1;2;Moinhos de Vento;11972;11858;114;-6;-5;-1
49;1;2;Praia de Belas;2248;2189;59;-18;-20;2
49;1;2;Rio Branco;17590;17437;153;16;-3;19
49;1;2;Santa Cecília;5812;5670;142;-15;-12;-3
49;1;2;Santana;20790;20638;152;-1;-12;11
50;2;2;Azenha;13782;13690;92;12;25;-13
50;2;2;Bom Fim;11460;11434;26;-8;12;-20
50;2;2;Centro;39232;39093;139;-1;13;-14
50;2;2;Cidade Baixa;15303;15255;48;-10;8;-18
50;2;2;Farroupilha;948;838;110;25;27;-2
50;2;2;Floresta;11536;11489;47;1;13;-12
50;2;2;Independência;8134;8005;129;4;16;-12
50;2;2;Menino Deus;31710;31575;135;5;13;-8
50;2;2;Moinhos de Vento;11975;11869;106;3;11;-8
50;2;2;Praia de Belas;2249;2194;55;1;5;-4
50;2;2;Rio Branco;17580;17446;134;-10;9;-19
50;2;2;Santa Cecília;5806;5680;126;-6;10;-16
50;2;2;Santana;20774;20640;134;-16;2;-18
51;3;2;Azenha;13795;13705;90;13;15;-2
51;3;2;Bom Fim;11461;11448;13;1;14;-13
51;3;2;Centro;39234;39100;134;2;7;-5
51;3;2;Cidade Baixa;15284;15260;24;-19;5;-24
51;3;2;Farroupilha;966;855;111;18;17;1
51;3;2;Floresta;11521;11489;32;-15;0;-15
51;3;2;Independência;8141;8022;119;7;17;-10
51;3;2;Menino Deus;31701;31575;126;-9;0;-9
51;3;2;Moinhos de Vento;11984;11877;107;9;8;1
51;3;2;Praia de Belas;2258;2209;49;9;15;-6
51;3;2;Rio Branco;17580;17454;126;0;8;-8
51;3;2;Santa Cecília;5798;5678;120;-8;-2;-6
51;3;2;Santana;20766;20641;125;-8;1;-9
52;4;2;Azenha;13564;12898;666;-231;-807;576
52;4;2;Bom Fim;11220;10632;588;-241;-816;575
52;4;2;Centro;40143;38516;1627;909;-584;1493
52;4;2;Cidade Baixa;15282;14490;792;-2;-770;768
52;4;2;Farroupilha;461;461;0;-505;-394;-111
52;4;2;Floresta;11378;10836;542;-143;-653;510
52;4;2;Independência;7585;7169;416;-556;-853;297
52;4;2;Menino Deus;32435;30971;1464;734;-604;1338
52;4;2;Moinhos de Vento;11897;11244;653;-87;-633;546
52;4;2;Praia de Belas;1835;1610;225;-423;-599;176
52;4;2;Rio Branco;17871;16811;1060;291;-643;934
52;4;2;Santa Cecília;5370;4960;410;-428;-718;290
52;4;2;Santana;21448;20155;1293;682;-486;1168
53;5;2;Azenha;13582;12895;687;18;-3;21
53;5;2;Bom Fim;11222;10631;591;2;-1;3
53;5;2;Centro;40181;38512;1669;38;-4;42
53;5;2;Cidade Baixa;15292;14486;806;10;-4;14
53;5;2;Farroupilha;461;460;1;0;-1;1
53;5;2;Floresta;11395;10848;547;17;12;5
53;5;2;Independência;7589;7174;415;4;5;-1
53;5;2;Menino Deus;32437;30961;1476;2;-10;12
53;5;2;Moinhos de Vento;11882;11245;637;-15;1;-16
53;5;2;Praia de Belas;1818;1611;207;-17;1;-18
53;5;2;Rio Branco;17837;16808;1029;-34;-3;-31
53;5;2;Santa Cecília;5360;4967;393;-10;7;-17
53;5;2;Santana;21433;20141;1292;-15;-14;-1
54;6;2;Azenha;13581;12197;1384;-1;-698;697
54;6;2;Bom Fim;11055;9883;1172;-167;-748;581
54;6;2;Centro;41353;37979;3374;1172;-533;1705
54;6;2;Cidade Baixa;15299;13775;1524;7;-711;718
54;6;2;Farroupilha;477;466;11;16;6;10
54;6;2;Floresta;11272;10259;1013;-123;-589;466
54;6;2;Independência;7201;6474;727;-388;-700;312
54;6;2;Menino Deus;33050;30356;2694;613;-605;1218
54;6;2;Moinhos de Vento;11761;10656;1105;-121;-589;468
54;6;2;Praia de Belas;1371;1139;232;-447;-472;25
54;6;2;Rio Branco;17818;16146;1672;-19;-662;643
54;6;2;Santa Cecília;4837;4298;539;-523;-669;146
54;6;2;Santana;21414;19519;1895;-19;-622;603
55;7;2;Azenha;13531;10742;2789;-50;-1455;1405
55;7;2;Bom Fim;10464;8378;2086;-591;-1505;914
55;7;2;Centro;42893;37062;5831;1540;-917;2457
55;7;2;Cidade Baixa;14931;12389;2542;-368;-1386;1018
55;7;2;Farroupilha;386;275;111;-91;-191;100
55;7;2;Floresta;10796;9101;1695;-476;-1158;682
55;7;2;Independência;6922;5467;1455;-279;-1007;728
55;7;2;Menino Deus;33956;29298;4658;906;-1058;1964
55;7;2;Moinhos de Vento;11698;9630;2068;-63;-1026;963
55;7;2;Praia de Belas;1411;775;636;40;-364;404
55;7;2;Rio Branco;17684;14925;2759;-134;-1221;1087
55;7;2;Santa Cecília;4514;3291;1223;-323;-1007;684
55;7;2;Santana;21303;18378;2925;-111;-1141;1030
56;8;2;Azenha;13417;10982;2435;-114;240;-354
56;8;2;Bom Fim;10443;8583;1860;-21;205;-226
56;8;2;Centro;43077;37233;5844;184;171;13
56;8;2;Cidade Baixa;15023;12585;2438;92;196;-104
56;8;2;Farroupilha;304;241;63;-82;-34;-48
56;8;2;Floresta;10847;9216;1631;51;115;-64
56;8;2;Independência;6557;5538;1019;-365;71;-436
56;8;2;Menino Deus;34003;29427;4576;47;129;-82
56;8;2;Moinhos de Vento;11479;9685;1794;-219;55;-274
56;8;2;Praia de Belas;1403;936;467;-8;161;-169
56;8;2;Rio Branco;17770;15033;2737;86;108;-22
56;8;2;Santa Cecília;4548;3528;1020;34;237;-203
56;8;2;Santana;21618;18459;3159;315;81;234
57;9;2;Azenha;13386;10983;2403;-31;1;-32
57;9;2;Bom Fim;10409;8559;1850;-34;-24;-10
57;9;2;Centro;43325;37228;6097;248;-5;253
57;9;2;Cidade Baixa;15025;12531;2494;2;-54;56
57;9;2;Farroupilha;269;249;20;-35;8;-43
57;9;2;Floresta;10830;9175;1655;-17;-41;24
57;9;2;Independência;6580;5534;1046;23;-4;27
57;9;2;Menino Deus;34176;29431;4745;173;4;169
57;9;2;Moinhos de Vento;11401;9645;1756;-78;-40;-38
57;9;2;Praia de Belas;1320;924;396;-83;-12;-71
57;9;2;Rio Branco;17767;15043;2724;-3;10;-13
57;9;2;Santa Cecília;4482;3561;921;-66;33;-99
57;9;2;Santana;21519;18434;3085;-99;-25;-74
58;10;2;Azenha;13393;11087;2306;7;104;-97
58;10;2;Bom Fim;10440;8817;1623;31;258;-227
58;10;2;Centro;43352;37218;6134;27;-10;37
58;10;2;Cidade Baixa;14900;12754;2146;-125;223;-348
58;10;2;Farroupilha;236;236;0;-33;-13;-20
58;10;2;Floresta;10662;9260;1402;-168;85;-253
58;10;2;Independência;6929;5803;1126;349;269;80
58;10;2;Menino Deus;33864;29430;4434;-312;-1;-311
58;10;2;Moinhos de Vento;11484;9775;1709;83;130;-47
58;10;2;Praia de Belas;1564;1053;511;244;129;115
58;10;2;Rio Branco;17559;15080;2479;-208;37;-245
58;10;2;Santa Cecília;4643;3743;900;161;182;-21
58;10;2;Santana;21463;18649;2814;-56;215;-271
59;11;2;Azenha;13487;12250;1237;94;1163;-1069
59;11;2;Bom Fim;10765;9959;806;325;1142;-817
59;11;2;Centro;42253;37928;4325;-1099;710;-1809
59;11;2;Cidade Baixa;15107;13777;1330;207;1023;-816
59;11;2;Farroupilha;306;306;0;70;70;0
59;11;2;Floresta;11028;10173;855;366;913;-547
59;11;2;Independência;7169;6522;647;240;719;-479
59;11;2;Menino Deus;33169;30216;2953;-695;786;-1481
59;11;2;Moinhos de Vento;11654;10560;1094;170;785;-615
59;11;2;Praia de Belas;1636;1219;417;72;166;-94
59;11;2;Rio Branco;17583;15925;1658;24;845;-821
59;11;2;Santa Cecília;4887;4472;415;244;729;-485
59;11;2;Santana;21445;19402;2043;-18;753;-771
60;12;2;Azenha;13434;11647;1787;-53;-603;550
60;12;2;Bom Fim;10653;9276;1377;-112;-683;571
60;12;2;Centro;44039;37752;6287;1786;-176;1962
60;12;2;Cidade Baixa;14743;13129;1614;-364;-648;284
60;12;2;Farroupilha;293;219;74;-13;-87;74
60;12;2;Floresta;10795;9605;1190;-233;-568;335
60;12;2;Independência;6837;5921;916;-332;-601;269
60;12;2;Menino Deus;33577;29699;3878;408;-517;925
60;12;2;Moinhos de Vento;11504;10149;1355;-150;-411;261
60;12;2;Praia de Belas;1414;987;427;-222;-232;10
60;12;2;Rio Branco;17303;15231;2072;-280;-694;414
60;12;2;Santa Cecília;4620;3855;765;-267;-617;350
60;12;2;Santana;21277;18714;2563;-168;-688;520
61;13;2;Azenha;13325;11648;1677;-109;1;-110
61;13;2;Bom Fim;10510;9236;1274;-143;-40;-103
61;13;2;Centro;44205;37731;6474;166;-21;187
61;13;2;Cidade Baixa;14749;13044;1705;6;-85;91
61;13;2;Farroupilha;215;211;4;-78;-8;-70
61;13;2;Floresta;10864;9607;1257;69;2;67
61;13;2;Independência;6779;5906;873;-58;-15;-43
61;13;2;Menino Deus;33833;29713;4120;256;14;242
61;13;2;Moinhos de Vento;11481;10097;1384;-23;-52;29
61;13;2;Praia de Belas;1303;973;330;-111;-14;-97
61;13;2;Rio Branco;17486;15241;2245;183;10;173
61;13;2;Santa Cecília;4482;3792;690;-138;-63;-75
61;13;2;Santana;21257;18644;2613;-20;-70;50
62;14;2;Azenha;13491;11723;1768;166;75;91
62;14;2;Bom Fim;10764;9331;1433;254;95;159
62;14;2;Centro;43694;37686;6008;-511;-45;-466
62;14;2;Cidade Baixa;14803;13136;1667;54;92;-38
62;14;2;Farroupilha;201;201;0;-14;-10;-4
62;14;2;Floresta;10819;9641;1178;-45;34;-79
62;14;2;Independência;7067;6095;972;288;189;99
62;14;2;Menino Deus;33425;29671;3754;-408;-42;-366
62;14;2;Moinhos de Vento;11664;10223;1441;183;126;57
62;14;2;Praia de Belas;1496;1144;352;193;171;22
62;14;2;Rio Branco;17351;15223;2128;-135;-18;-117
62;14;2;Santa Cecília;4592;3820;772;110;28;82
62;14;2;Santana;21122;18745;2377;-135;101;-236
63;15;2;Azenha;13203;11767;1436;-288;44;-332
63;15;2;Bom Fim;10674;9415;1259;-90;84;-174
63;15;2;Centro;43749;37685;6064;55;-1;56
63;15;2;Cidade Baixa;14927;13150;1777;124;14;110
63;15;2;Farroupilha;227;227;0;26;26;0
63;15;2;Floresta;11002;9760;1242;183;119;64
63;15;2;Independência;6772;6156;616;-295;61;-356
63;15;2;Menino Deus;33811;29779;4032;386;108;278
63;15;2;Moinhos de Vento;11507;10207;1300;-157;-16;-141
63;15;2;Praia de Belas;1359;1126;233;-137;-18;-119
63;15;2;Rio Branco;17587;15339;2248;236;116;120
63;15;2;Santa Cecília;4523;3871;652;-69;51;-120
63;15;2;Santana;21148;18716;2432;26;-29;55
64;16;2;Azenha;13153;12019;1134;-50;252;-302
64;16;2;Bom Fim;10769;9750;1019;95;335;-240
64;16;2;Centro;43320;37896;5424;-429;211;-640
64;16;2;Cidade Baixa;15042;13422;1620;115;272;-157
64;16;2;Farroupilha;203;203;0;-24;-24;0
64;16;2;Floresta;11178;10015;1163;176;255;-79
64;16;2;Independência;6839;6459;380;67;303;-236
64;16;2;Menino Deus;33483;29951;3532;-328;172;-500
64;16;2;Moinhos de Vento;11460;10482;978;-47;275;-322
64;16;2;Praia de Belas;1429;1247;182;70;121;-51
64;16;2;Rio Branco;17587;15531;2056;0;192;-192
64;16;2;Santa Cecília;4622;4112;510;99;241;-142
64;16;2;Santana;21404;18902;2502;256;186;70
65;17;2;Azenha;13310;12950;360;157;931;-774
65;17;2;Bom Fim;10974;10670;304;205;920;-715
65;17;2;Centro;41551;38493;3058;-1769;597;-2366
65;17;2;Cidade Baixa;15245;14346;899;203;924;-721
65;17;2;Farroupilha;396;396;0;193;193;0
65;17;2;Floresta;11295;10755;540;117;740;-623
65;17;2;Independência;7507;7282;225;668;823;-155
65;17;2;Menino Deus;32785;30655;2130;-698;704;-1402
65;17;2;Moinhos de Vento;11765;11190;575;305;708;-403
65;17;2;Praia de Belas;1674;1588;86;245;341;-96
65;17;2;Rio Branco;17661;16369;1292;74;838;-764
65;17;2;Santa Cecília;5003;4834;169;381;722;-341
65;17;2;Santana;21323;19591;1732;-81;689;-770
66;18;2;Azenha;13562;12872;690;252;-78;330
66;18;2;Bom Fim;11078;10529;549;104;-141;245
66;18;2;Centro;40787;38098;2689;-764;-395;-369
66;18;2;Cidade Baixa;15183;14198;985;-62;-148;86
66;18;2;Farroupilha;365;365;0;-31;-31;0
66;18;2;Floresta;11343;10678;665;48;-77;125
66;18;2;Independência;7618;7221;397;111;-61;172
66;18;2;Menino Deus;32820;30436;2384;35;-219;254
66;18;2;Moinhos de Vento;11793;11118;675;28;-72;100
66;18;2;Praia de Belas;1755;1639;116;81;51;30
66;18;2;Rio Branco;17579;16196;1383;-82;-173;91
66;18;2;Santa Cecília;5193;4778;415;190;-56;246
66;18;2;Santana;21413;19661;1752;90;70;20
67;19;2;Azenha;13573;12951;622;11;79;-68
67;19;2;Bom Fim;11095;10623;472;17;94;-77
67;19;2;Centro;40836;38209;2627;49;111;-62
67;19;2;Cidade Baixa;15208;14335;873;25;137;-112
67;19;2;Farroupilha;436;436;0;71;71;0
67;19;2;Floresta;11352;10768;584;9;90;-81
67;19;2;Independência;7605;7284;321;-13;63;-76
67;19;2;Menino Deus;32840;30531;2309;20;95;-75
67;19;2;Moinhos de Vento;11814;11171;643;21;53;-32
67;19;2;Praia de Belas;1674;1658;16;-81;19;-100
67;19;2;Rio Branco;17605;16306;1299;26;110;-84
67;19;2;Santa Cecília;5206;4869;337;13;91;-78
67;19;2;Santana;21245;19630;1615;-168;-31;-137
68;20;2;Azenha;13685;13682;3;112;731;-619
68;20;2;Bom Fim;11486;11446;40;391;823;-432
68;20;2;Centro;39185;38980;205;-1651;771;-2422
68;20;2;Cidade Baixa;15291;15191;100;83;856;-773
68;20;2;Farroupilha;1043;837;206;607;401;206
68;20;2;Floresta;11517;11423;94;165;655;-490
68;20;2;Independência;8069;7962;107;464;678;-214
68;20;2;Menino Deus;31830;31405;425;-1010;874;-1884
68;20;2;Moinhos de Vento;11848;11732;116;34;561;-527
68;20;2;Praia de Belas;2394;2189;205;720;531;189
68;20;2;Rio Branco;17405;17201;204;-200;895;-1095
68;20;2;Santa Cecília;5827;5553;274;621;684;-63
68;20;2;Santana;20909;20424;485;-336;794;-1130
69;21;2;Azenha;13719;13712;7;34;30;4
69;21;2;Bom Fim;11506;11493;13;20;47;-27
69;21;2;Centro;39331;39057;274;146;77;69
69;21;2;Cidade Baixa;15324;15249;75;33;58;-25
69;21;2;Farroupilha;1001;874;127;-42;37;-79
69;21;2;Floresta;11547;11501;46;30;78;-48
69;21;2;Independência;8025;8025;0;-44;63;-107
69;21;2;Menino Deus;31806;31520;286;-24;115;-139
69;21;2;Moinhos de Vento;11862;11831;31;14;99;-85
69;21;2;Praia de Belas;2297;2202;95;-97;13;-110
69;21;2;Rio Branco;17515;17361;154;110;160;-50
69;21;2;Santa Cecília;5766;5620;146;-61;67;-128
69;21;2;Santana;20790;20526;264;-119;102;-221
70;22;2;Azenha;13792;13647;145;73;-65;138
70;22;2;Bom Fim;11568;11428;140;62;-65;127
70;22;2;Centro;39249;39010;239;-82;-47;-35
70;22;2;Cidade Baixa;15357;15210;147;33;-39;72
70;22;2;Farroupilha;991;839;152;-10;-35;25
70;22;2;Floresta;11591;11451;140;44;-50;94
70;22;2;Independência;8105;7970;135;80;-55;135
70;22;2;Menino Deus;31675;31461;214;-131;-59;-72
70;22;2;Moinhos de Vento;11946;11811;135;84;-20;104
70;22;2;Praia de Belas;2347;2199;148;50;-3;53
70;22;2;Rio Branco;17461;17310;151;-54;-51;-3
70;22;2;Santa Cecília;5723;5579;144;-43;-41;-2
70;22;2;Santana;20684;20494;190;-106;-32;-74
71;23;2;Azenha;13804;13804;0;12;157;-145
71;23;2;Bom Fim;11593;11593;0;25;165;-140
71;23;2;Centro;39154;39154;0;-95;144;-239
71;23;2;Cidade Baixa;15379;15379;0;22;169;-147
71;23;2;Farroupilha;961;961;0;-30;122;-152
71;23;2;Floresta;11596;11596;0;5;145;-140
71;23;2;Independência;8112;8112;0;7;142;-135
71;23;2;Menino Deus;31650;31650;0;-25;189;-214
71;23;2;Moinhos de Vento;11937;11937;0;-9;126;-135
71;23;2;Praia de Belas;2281;2281;0;-66;82;-148
71;23;2;Rio Branco;17531;17531;0;70;221;-151
71;23;2;Santa Cecília;5768;5768;0;45;189;-144
71;23;2;Santana;20723;20723;0;39;229;-190
72;0;3;Azenha;13768;13683;85;-36;-121;85
72;0;3;Bom Fim;11477;11438;39;-116;-155;39
72;0;3;Centro;39167;39075;92;13;-79;92
72;0;3;Cidade Baixa;15315;15258;57;-64;-121;57
72;0;3;Farroupilha;960;833;127;-1;-128;127
72;0;3;Floresta;11538;11486;52;-58;-110;52
72;0;3;Independência;8143;8004;139;31;-108;139
72;0;3;Menino Deus;31687;31573;114;37;-77;114
72;0;3;Moinhos de Vento;11978;11863;115;41;-74;115
72;0;3;Praia de Belas;2265;2208;57;-16;-73;57
72;0;3;Rio Branco;17574;17441;133;43;-90;133
72;0;3;Santa Cecília;5827;5681;146;59;-87;146
72;0;3;Santana;20790;20650;140;67;-73;140
73;1;3;Azenha;13771;13665;106;3;-18;21
73;1;3;Bom Fim;11468;11423;45;-9;-15;6
73;1;3;Centro;39233;39078;155;66;3;63
73;1;3;Cidade Baixa;15311;15246;65;-4;-12;8
73;1;3;Farroupilha;923;809;114;-37;-24;-13
73;1;3;Floresta;11535;11477;58;-3;-9;6
73;1;3;Independência;8130;7989;141;-13;-15;2
73;1;3;Menino Deus;31708;31562;146;21;-11;32
73;1;3;Moinhos de Vento;11972;11858;114;-6;-5;-1
73;1;3;Praia de Belas;2247;2188;59;-18;-20;2
73;1;3;Rio Branco;17590;17437;153;16;-4;20
73;1;3;Santa Cecília;5812;5669;143;-15;-12;-3
73;1;3;Santana;20789;20638;151;-1;-12;11
74;2;3;Azenha;13785;13692;93;14;27;-13
74;2;3;Bom Fim;11462;11436;26;-6;13;-19
74;2;3;Centro;39232;39091;141;-1;13;-14
74;2;3;Cidade Baixa;15304;15256;48;-7;10;-17
74;2;3;Farroupilha;947;836;111;24;27;-3
74;2;3;Floresta;11533;11486;47;-2;9;-11
74;2;3;Independência;8129;8001;128;-1;12;-13
74;2;3;Menino Deus;31717;31574;143;9;12;-3
74;2;3;Moinhos de Vento;11973;11868;105;1;10;-9
74;2;3;Praia de Belas;2248;2193;55;1;5;-4
74;2;3;Rio Branco;17580;17446;134;-10;9;-19
74;2;3;Santa Cecília;5805;5679;126;-7;10;-17
74;2;3;Santana;20774;20638;136;-15;0;-15
75;3;3;Azenha;13797;13706;91;12;14;-2
75;3;3;Bom Fim;11462;11449;13;0;13;-13
75;3;3;Centro;39234;39098;136;2;7;-5
75;3;3;Cidade Baixa;15286;15263;23;-18;7;-25
75;3;3;Farroupilha;967;855;112;20;19;1
75;3;3;Floresta;11527;11495;32;-6;9;-15
75;3;3;Independência;8139;8018;121;10;17;-7
75;3;3;Menino Deus;31695;31579;116;-22;5;-27
75;3;3;Moinhos de Vento;11977;11873;104;4;5;-1
75;3;3;Praia de Belas;2260;2211;49;12;18;-6
75;3;3;Rio Branco;17579;17452;127;-1;6;-7
75;3;3;Santa Cecília;5799;5679;120;-6;0;-6
75;3;3;Santana;20767;20642;125;-7;4;-11
76;4;3;Azenha;13575;12907;668;-222;-799;577
76;4;3;Bom Fim;11198;10610;588;-264;-839;575
76;4;3;Centro;40127;38505;1622;893;-593;1486
76;4;3;Cidade Baixa;15261;14485;776;-25;-778;753
76;4;3;Farroupilha;462;462;0;-505;-393;-112
76;4;3;Floresta;11396;10848;548;-131;-647;516
76;4;3;Independência;7587;7164;423;-552;-854;302
76;4;3;Menino Deus;32439;30973;1466;744;-606;1350
76;4;3;Moinhos de Vento;11891;11229;662;-86;-644;558
76;4;3;Praia de Belas;1832;1610;222;-428;-601;173
76;4;3;Rio Branco;17874;16813;1061;295;-639;934
76;4;3;Santa Cecília;5371;4960;411;-428;-719;291
76;4;3;Santana;21476;20170;1306;709;-472;1181
77;5;3;Azenha;13590;12901;689;15;-6;21
77;5;3;Bom Fim;11203;10614;589;5;4;1
77;5;3;Centro;40172;38506;1666;45;1;44
77;5;3;Cidade Baixa;15272;14484;788;11;-1;12
77;5;3;Farroupilha;460;459;1;-2;-3;1
77;5;3;Floresta;11416;10860;556;20;12;8
77;5;3;Independência;7590;7169;421;3;5;-2
77;5;3;Menino Deus;32437;30960;1477;-2;-13;11
77;5;3;Moinhos de Vento;11870;11228;642;-21;-1;-20
77;5;3;Praia de Belas;1814;1607;207;-18;-3;-15
77;5;3;Rio Branco;17838;16806;1032;-36;-7;-29
77;5;3;Santa Cecília;5364;4968;396;-7;8;-15
77;5;3;Santana;21463;20154;1309;-13;-16;3
78;6;3;Azenha;13588;12213;1375;-2;-688;686
78;6;3;Bom Fim;11029;9871;1158;-174;-743;569
78;6;3;Centro;41329;37960;3369;1157;-546;1703
78;6;3;Cidade Baixa;15244;13768;1476;-28;-716;688
78;6;3;Farroupilha;473;463;10;13;4;9
78;6;3;Floresta;11312;10281;1031;-104;-579;475
78;6;3;Independência;7207;6477;730;-383;-692;309
78;6;3;Menino Deus;33050;30348;2702;613;-612;1225
78;6;3;Moinhos de Vento;11771;10652;1119;-99;-576;477
78;6;3;Praia de Belas;1371;1139;232;-443;-468;25
78;6;3;Rio Branco;17830;16157;1673;-8;-649;641
78;6;3;Santa Cecília;4849;4313;536;-515;-655;140
78;6;3;Santana;21436;19536;1900;-27;-618;591
79;7;3;Azenha;13416;10757;2659;-172;-1456;1284
79;7;3;Bom Fim;10452;8385;2067;-577;-1486;909
79;7;3;Centro;42926;37069;5857;1597;-891;2488
79;7;3;Cidade Baixa;14864;12388;2476;-380;-1380;1000
79;7;3;Farroupilha;384;274;110;-89;-189;100
79;7;3;Floresta;10857;9139;1718;-455;-1142;687
79;7;3;Independência;6901;5451;1450;-306;-1026;720
79;7;3;Menino Deus;33957;29282;4675;907;-1066;1973
79;7;3;Moinhos de Vento;11731;9637;2094;-40;-1015;975
79;7;3;Praia de Belas;1412;778;634;41;-361;402
79;7;3;Rio Branco;17754;14947;2807;-76;-1210;1134
79;7;3;Santa Cecília;4514;3307;1207;-335;-1006;671
79;7;3;Santana;21321;18390;2931;-115;-1146;1031
80;8;3;Azenha;13282;10969;2313;-134;212;-346
80;8;3;Bom Fim;10452;8582;1870;0;197;-197
80;8;3;Centro;43122;37255;5867;196;186;10
80;8;3;Cidade Baixa;14987;12576;2411;123;188;-65
80;8;3;Farroupilha;300;237;63;-84;-37;-47
80;8;3;Floresta;10885;9220;1665;28;81;-53
80;8;3;Independência;6540;5517;1023;-361;66;-427
80;8;3;Menino Deus;34033;29421;4612;76;139;-63
80;8;3;Moinhos de Vento;11475;9670;1805;-256;33;-289
80;8;3;Praia de Belas;1406;933;473;-6;155;-161
80;8;3;Rio Branco;17826;15043;2783;72;96;-24
80;8;3;Santa Cecília;4511;3525;986;-3;218;-221
80;8;3;Santana;21670;18475;3195;349;85;264
81;9;3;Azenha;13256;10963;2293;-26;-6;-20
81;9;3;Bom Fim;10418;8565;1853;-34;-17;-17
81;9;3;Centro;43354;37250;6104;232;-5;237
81;9;3;Cidade Baixa;15000;12535;2465;13;-41;54
81;9;3;Farroupilha;264;244;20;-36;7;-43
81;9;3;Floresta;10876;9190;1686;-9;-30;21
81;9;3;Independência;6541;5502;1039;1;-15;16
81;9;3;Menino Deus;34183;29419;4764;150;-2;152
81;9;3;Moinhos de Vento;11391;9629;1762;-84;-41;-43
81;9;3;Praia de Belas;1319;925;394;-87;-8;-79
81;9;3;Rio Branco;17855;15066;2789;29;23;6
81;9;3;Santa Cecília;4452;3547;905;-59;22;-81
81;9;3;Santana;21580;18452;3128;-90;-23;-67
82;10;3;Azenha;13267;11076;2191;11;113;-102
82;10;3;Bom Fim;10440;8811;1629;22;246;-224
82;10;3;Centro;43388;37231;6157;34;-19;53
82;10;3;Cidade Baixa;14904;12761;2143;-96;226;-322
82;10;3;Farroupilha;237;237;0;-27;-7;-20
82;10;3;Floresta;10674;9275;1399;-202;85;-287
82;10;3;Independência;6895;5771;1124;354;269;85
82;10;3;Menino Deus;33868;29427;4441;-315;8;-323
82;10;3;Moinhos de Vento;11488;9787;1701;97;158;-61
82;10;3;Praia de Belas;1572;1062;510;253;137;116
82;10;3;Rio Branco;17644;15105;2539;-211;39;-250
82;10;3;Santa Cecília;4621;3721;900;169;174;-5
82;10;3;Santana;21491;18654;2837;-89;202;-291
83;11;3;Azenha;13454;12236;1218;187;1160;-973
83;11;3;Bom Fim;10761;9951;810;321;1140;-819
83;11;3;Centro;42264;37929;4335;-1124;698;-1822
83;11;3;Cidade Baixa;15110;13781;1329;206;1020;-814
83;11;3;Farroupilha;308;308;0;71;71;0
83;11;3;Floresta;11023;10170;853;349;895;-546
83;11;3;Independência;7157;6509;648;262;738;-476
83;11;3;Menino Deus;33156;30226;2930;-712;799;-1511
83;11;3;Moinhos de Vento;11658;10558;1100;170;771;-601
83;11;3;Praia de Belas;1650;1224;426;78;162;-84
83;11;3;Rio Branco;17589;15924;1665;-55;819;-874
83;11;3;Santa Cecília;4882;4461;421;261;740;-479
83;11;3;Santana;21477;19412;2065;-14;758;-772
84;12;3;Azenha;13473;11682;1791;19;-554;573
84;12;3;Bom Fim;10673;9308;1365;-88;-643;555
84;12;3;Centro;43781;37744;6037;1517;-185;1702
84;12;3;Cidade Baixa;14763;13133;1630;-347;-648;301
84;12;3;Farroupilha;296;222;74;-12;-86;74
84;12;3;Floresta;10816;9631;1185;-207;-539;332
84;12;3;Independência;6827;5916;911;-330;-593;263
84;12;3;Menino Deus;33621;29710;3911;465;-516;981
84;12;3;Moinhos de Vento;11523;10180;1343;-135;-378;243
84;12;3;Praia de Belas;1424;997;427;-226;-227;1
84;12;3;Rio Branco;17355;15251;2104;-234;-673;439
84;12;3;Santa Cecília;4611;3870;741;-271;-591;320
84;12;3;Santana;21326;18761;2565;-151;-651;500
85;13;3;Azenha;13367;11685;1682;-106;3;-109
85;13;3;Bom Fim;10525;9256;1269;-148;-52;-96
85;13;3;Centro;43953;37726;6227;172;-18;190
85;13;3;Cidade Baixa;14759;13044;1715;-4;-89;85
85;13;3;Farroupilha;227;221;6;-69;-1;-68
85;13;3;Floresta;10888;9634;1254;72;3;69
85;13;3;Independência;6772;5892;880;-55;-24;-31
85;13;3;Menino Deus;33883;29749;4134;262;39;223
85;13;3;Moinhos de Vento;11508;10135;1373;-15;-45;30
85;13;3;Praia de Belas;1303;975;328;-121;-22;-99
85;13;3;Rio Branco;17533;15260;2273;178;9;169
85;13;3;Santa Cecília;4475;3802;673;-136;-68;-68
85;13;3;Santana;21296;18691;2605;-30;-70;40
86;14;3;Azenha;13529;11766;1763;162;81;81
86;14;3;Bom Fim;10786;9356;1430;261;100;161
86;14;3;Centro;43455;37687;5768;-498;-39;-459
86;14;3;Cidade Baixa;14836;13169;1667;77;125;-48
86;14;3;Farroupilha;204;204;0;-23;-17;-6
86;14;3;Floresta;10837;9671;1166;-51;37;-88
86;14;3;Independência;7065;6075;990;293;183;110
86;14;3;Menino Deus;33445;29706;3739;-438;-43;-395
86;14;3;Moinhos de Vento;11672;10259;1413;164;124;40
86;14;3;Praia de Belas;1503;1147;356;200;172;28
86;14;3;Rio Branco;17363;15217;2146;-170;-43;-127
86;14;3;Santa Cecília;4621;3862;759;146;60;86
86;14;3;Santana;21173;18805;2368;-123;114;-237
87;15;3;Azenha;13243;11800;1443;-286;34;-320
87;15;3;Bom Fim;10683;9433;1250;-103;77;-180
87;15;3;Centro;43540;37697;5843;85;10;75
87;15;3;Cidade Baixa;14944;13175;1769;108;6;102
87;15;3;Farroupilha;231;231;0;27;27;0
87;15;3;Floresta;11007;9780;1227;170;109;61
87;15;3;Independência;6784;6161;623;-281;86;-367
87;15;3;Menino Deus;33827;29809;4018;382;103;279
87;15;3;Moinhos de Vento;11529;10254;1275;-143;-5;-138
87;15;3;Praia de Belas;1364;1129;235;-139;-18;-121
87;15;3;Rio Branco;17597;15344;2253;234;127;107
87;15;3;Santa Cecília;4550;3906;644;-71;44;-115
87;15;3;Santana;21190;18758;2432;17;-47;64
88;16;3;Azenha;13166;12034;1132;-77;234;-311
88;16;3;Bom Fim;10780;9755;1025;97;322;-225
88;16;3;Centro;43123;37909;5214;-417;212;-629
88;16;3;Cidade Baixa;15063;13436;1627;119;261;-142
88;16;3;Farroupilha;214;214;0;-17;-17;0
88;16;3;Floresta;11162;10019;1143;155;239;-84
88;16;3;Independência;6838;6459;379;54;298;-244
88;16;3;Menino Deus;33539;29992;3547;-288;183;-471
88;16;3;Moinhos de Vento;11476;10504;972;-53;250;-303
88;16;3;Praia de Belas;1422;1233;189;58;104;-46
88;16;3;Rio Branco;17627;15554;2073;30;210;-180
88;16;3;Santa Cecília;4634;4125;509;84;219;-135
88;16;3;Santana;21445;18936;2509;255;178;77
89;17;3;Azenha;13315;12962;353;149;928;-779
89;17;3;Bom Fim;10963;10660;303;183;905;-722
89;17;3;Centro;41553;38507;3046;-1570;598;-2168
89;17;3;Cidade Baixa;15279;14375;904;216;939;-723
89;17;3;Farroupilha;395;395;0;181;181;0
89;17;3;Floresta;11275;10736;539;113;717;-604
89;17;3;Independência;7502;7279;223;664;820;-156
89;17;3;Menino Deus;32801;30666;2135;-738;674;-1412
89;17;3;Moinhos de Vento;11759;11186;573;283;682;-399
89;17;3;Praia de Belas;1674;1584;90;252;351;-99
89;17;3;Rio Branco;17654;16369;1285;27;815;-788
89;17;3;Santa Cecília;4988;4816;172;354;691;-337
89;17;3;Santana;21331;19599;1732;-114;663;-777
90;18;3;Azenha;13577;12884;693;262;-78;340
90;18;3;Bom Fim;11072;10523;549;109;-137;246
90;18;3;Centro;40781;38090;2691;-772;-417;-355
90;18;3;Cidade Baixa;15188;14219;969;-91;-156;65
90;18;3;Farroupilha;361;361;0;-34;-34;0
90;18;3;Floresta;11304;10635;669;29;-101;130
90;18;3;Independência;7606;7200;406;104;-79;183
90;18;3;Menino Deus;32861;30466;2395;60;-200;260
90;18;3;Moinhos de Vento;11782;11102;680;23;-84;107
90;18;3;Praia de Belas;1745;1628;117;71;44;27
90;18;3;Rio Branco;17595;16214;1381;-59;-155;96
90;18;3;Santa Cecília;5206;4791;415;218;-25;243
90;18;3;Santana;21411;19674;1737;80;75;5
91;19;3;Azenha;13562;12947;615;-15;63;-78
91;19;3;Bom Fim;11086;10607;479;14;84;-70
91;19;3;Centro;40841;38204;2637;60;114;-54
91;19;3;Cidade Baixa;15202;14342;860;14;123;-109
91;19;3;Farroupilha;436;436;0;75;75;0
91;19;3;Floresta;11328;10752;576;24;117;-93
91;19;3;Independência;7582;7260;322;-24;60;-84
91;19;3;Menino Deus;32872;30566;2306;11;100;-89
91;19;3;Moinhos de Vento;11790;11160;630;8;58;-50
91;19;3;Praia de Belas;1678;1662;16;-67;34;-101
91;19;3;Rio Branco;17626;16325;1301;31;111;-80
91;19;3;Santa Cecília;5230;4897;333;24;106;-82
91;19;3;Santana;21256;19648;1608;-155;-26;-129
92;20;3;Azenha;13676;13676;0;114;729;-615
92;20;3;Bom Fim;11480;11430;50;394;823;-429
92;20;3;Centro;39207;38993;214;-1634;789;-2423
92;20;3;Cidade Baixa;15286;15188;98;84;846;-762
92;20;3;Farroupilha;1042;839;203;606;403;203
92;20;3;Floresta;11531;11436;95;203;684;-481
92;20;3;Independência;8072;7957;115;490;697;-207
92;20;3;Menino Deus;31836;31409;427;-1036;843;-1879
92;20;3;Moinhos de Vento;11842;11735;107;52;575;-523
92;20;3;Praia de Belas;2394;2191;203;716;529;187
92;20;3;Rio Branco;17376;17195;181;-250;870;-1120
92;20;3;Santa Cecília;5840;5565;275;610;668;-58
92;20;3;Santana;20907;20439;468;-349;791;-1140
93;21;3;Azenha;13729;13719;10;53;43;10
93;21;3;Bom Fim;11494;11477;17;14;47;-33
93;21;3;Centro;39329;39063;266;122;70;52
93;21;3;Cidade Baixa;15329;15253;76;43;65;-22
93;21;3;Farroupilha;1001;876;125;-41;37;-78
93;21;3;Floresta;11543;11503;40;12;67;-55
93;21;3;Independência;8027;8020;7;-45;63;-108
93;21;3;Menino Deus;31814;31526;288;-22;117;-139
93;21;3;Moinhos de Vento;11845;11818;27;3;83;-80
93;21;3;Praia de Belas;2299;2210;89;-95;19;-114
93;21;3;Rio Branco;17497;17337;160;121;142;-21
93;21;3;Santa Cecília;5777;5630;147;-63;65;-128
93;21;3;Santana;20805;20546;259;-102;107;-209
94;22;3;Azenha;13799;13656;143;70;-63;133
94;22;3;Bom Fim;11557;11419;138;63;-58;121
94;22;3;Centro;39246;39013;233;-83;-50;-33
94;22;3;Cidade Baixa;15362;15213;149;33;-40;73
94;22;3;Farroupilha;995;846;149;-6;-30;24
94;22;3;Floresta;11591;11451;140;48;-52;100
94;22;3;Independência;8108;7973;135;81;-47;128
94;22;3;Menino Deus;31668;31465;203;-146;-61;-85
94;22;3;Moinhos de Vento;11933;11793;140;88;-25;113
94;22;3;Praia de Belas;2350;2208;142;51;-2;53
94;22;3;Rio Branco;17432;17284;148;-65;-53;-12
94;22;3;Santa Cecília;5738;5588;150;-39;-42;3
94;22;3;Santana;20710;20511;199;-95;-35;-60
95;23;3;Azenha;13804;13804;0;5;148;-143
95;23;3;Bom Fim;11593;11593;0;36;174;-138
95;23;3;Centro;39154;39154;0;-92;141;-233
95;23;3;Cidade Baixa;15379;15379;0;17;166;-149
95;23;3;Farroupilha;961;961;0;-34;115;-149
95;23;3;Floresta;11596;11596;0;5;145;-140
95;23;3;Independência;8112;8112;0;4;139;-135
95;23;3;Menino Deus;31650;31650;0;-18;185;-203
95;23;3;Moinhos de Vento;11937;11937;0;4;144;-140
95;23;3;Praia de Belas;2281;2281;0;-69;73;-142
95;23;3;Rio Branco;17531;17531;0;99;247;-148
95;23;3;Santa Cecília;5768;5768;0;30;180;-150
95;23;3;Santana;20723;20723;0;13;212;-199
96;0;4;Azenha;13768;13683;85;-36;-121;85
96;0;4;Bom Fim;11477;11438;39;-116;-155;39
96;0;4;Centro;39167;39075;92;13;-79;92
96;0;4;Cidade Baixa;15317;15260;57;-62;-119;57
96;0;4;Farroupilha;960;834;126;-1;-127;126
96;0;4;Floresta;11538;11486;52;-58;-110;52
96;0;4;Independência;8143;8004;139;31;-108;139
96;0;4;Menino Deus;31683;31573;110;33;-77;110
96;0;4;Moinhos de Vento;11978;11864;114;41;-73;114
96;0;4;Praia de Belas;2266;2209;57;-15;-72;57
96;0;4;Rio Branco;17574;17442;132;43;-89;132
96;0;4;Santa Cecília;5827;5682;145;59;-86;145
96;0;4;Santana;20791;20651;140;68;-72;140
97;1;4;Azenha;13770;13665;105;2;-18;20
97;1;4;Bom Fim;11468;11422;46;-9;-16;7
97;1;4;Centro;39233;39080;153;66;5;61
97;1;4;Cidade Baixa;15313;15247;66;-4;-13;9
97;1;4;Farroupilha;923;809;114;-37;-25;-12
97;1;4;Floresta;11535;11477;58;-3;-9;6
97;1;4;Independência;8130;7989;141;-13;-15;2
97;1;4;Menino Deus;31705;31562;143;22;-11;33
97;1;4;Moinhos de Vento;11972;11858;114;-6;-6;0
97;1;4;Praia de Belas;2248;2189;59;-18;-20;2
97;1;4;Rio Branco;17590;17438;152;16;-4;20
97;1;4;Santa Cecília;5812;5670;142;-15;-12;-3
97;1;4;Santana;20790;20638;152;-1;-13;12
98;2;4;Azenha;13786;13692;94;16;27;-11
98;2;4;Bom Fim;11461;11435;26;-7;13;-20
98;2;4;Centro;39231;39094;137;-2;14;-16
98;2;4;Cidade Baixa;15307;15258;49;-6;11;-17
98;2;4;Farroupilha;947;836;111;24;27;-3
98;2;4;Floresta;11538;11491;47;3;14;-11
98;2;4;Independência;8132;8004;128;2;15;-13
98;2;4;Menino Deus;31710;31576;134;5;14;-9
98;2;4;Moinhos de Vento;11971;11867;104;-1;9;-10
98;2;4;Praia de Belas;2246;2191;55;-2;2;-4
98;2;4;Rio Branco;17580;17448;132;-10;10;-20
98;2;4;Santa Cecília;5802;5677;125;-10;7;-17
98;2;4;Santana;20778;20640;138;-12;2;-14
99;3;4;Azenha;13797;13706;91;11;14;-3
99;3;4;Bom Fim;11460;11448;12;-1;13;-14
99;3;4;Centro;39232;39101;131;1;7;-6
99;3;4;Cidade Baixa;15288;15262;26;-19;4;-23
99;3;4;Farroupilha;970;858;112;23;22;1
99;3;4;Floresta;11528;11496;32;-10;5;-15
99;3;4;Independência;8141;8022;119;9;18;-9
99;3;4;Menino Deus;31691;31577;114;-19;1;-20
99;3;4;Moinhos de Vento;11979;11876;103;8;9;-1
99;3;4;Praia de Belas;2260;2211;49;14;20;-6
99;3;4;Rio Branco;17576;17451;125;-4;3;-7
99;3;4;Santa Cecília;5797;5678;119;-5;1;-6
99;3;4;Santana;20770;20643;127;-8;3;-11
100;4;4;Azenha;13579;12901;678;-218;-805;587
100;4;4;Bom Fim;11205;10615;590;-255;-833;578
100;4;4;Centro;40124;38504;1620;892;-597;1489
100;4;4;Cidade Baixa;15279;14487;792;-9;-775;766
100;4;4;Farroupilha;461;461;0;-509;-397;-112
100;4;4;Floresta;11396;10848;548;-132;-648;516
100;4;4;Independência;7587;7165;422;-554;-857;303
100;4;4;Menino Deus;32431;30963;1468;740;-614;1354
100;4;4;Moinhos de Vento;11918;11236;682;-61;-640;579
100;4;4;Praia de Belas;1833;1609;224;-427;-602;175
100;4;4;Rio Branco;17843;16798;1045;267;-653;920
100;4;4;Santa Cecília;5370;4960;410;-427;-718;291
100;4;4;Santana;21463;20161;1302;693;-482;1175
101;5;4;Azenha;13594;12897;697;15;-4;19
101;5;4;Bom Fim;11213;10621;592;8;6;2
101;5;4;Centro;40177;38506;1671;53;2;51
101;5;4;Cidade Baixa;15286;14483;803;7;-4;11
101;5;4;Farroupilha;460;459;1;-1;-2;1
101;5;4;Floresta;11406;10852;554;10;4;6
101;5;4;Independência;7597;7176;421;10;11;-1
101;5;4;Menino Deus;32427;30950;1477;-4;-13;9
101;5;4;Moinhos de Vento;11899;11235;664;-19;-1;-18
101;5;4;Praia de Belas;1812;1606;206;-21;-3;-18
101;5;4;Rio Branco;17811;16795;1016;-32;-3;-29
101;5;4;Santa Cecília;5362;4970;392;-8;10;-18
101;5;4;Santana;21445;20149;1296;-18;-12;-6
102;6;4;Azenha;13600;12227;1373;6;-670;676
102;6;4;Bom Fim;11047;9895;1152;-166;-726;560
102;6;4;Centro;41355;37986;3369;1178;-520;1698
102;6;4;Cidade Baixa;15250;13785;1465;-36;-698;662
102;6;4;Farroupilha;471;464;7;11;5;6
102;6;4;Floresta;11292;10280;1012;-114;-572;458
102;6;4;Independência;7217;6482;735;-380;-694;314
102;6;4;Menino Deus;32952;30359;2593;525;-591;1116
102;6;4;Moinhos de Vento;11824;10673;1151;-75;-562;487
102;6;4;Praia de Belas;1364;1141;223;-448;-465;17
102;6;4;Rio Branco;17801;16158;1643;-10;-637;627
102;6;4;Santa Cecília;4871;4335;536;-491;-635;144
102;6;4;Santana;21445;19551;1894;0;-598;598
103;7;4;Azenha;13468;10764;2704;-132;-1463;1331
103;7;4;Bom Fim;10478;8405;2073;-569;-1490;921
103;7;4;Centro;42933;37092;5841;1578;-894;2472
103;7;4;Cidade Baixa;14877;12410;2467;-373;-1375;1002
103;7;4;Farroupilha;374;264;110;-97;-200;103
103;7;4;Floresta;10828;9120;1708;-464;-1160;696
103;7;4;Independência;6948;5489;1459;-269;-993;724
103;7;4;Menino Deus;33837;29283;4554;885;-1076;1961
103;7;4;Moinhos de Vento;11764;9644;2120;-60;-1029;969
103;7;4;Praia de Belas;1405;774;631;41;-367;408
103;7;4;Rio Branco;17681;14956;2725;-120;-1202;1082
103;7;4;Santa Cecília;4553;3325;1228;-318;-1010;692
103;7;4;Santana;21343;18413;2930;-102;-1138;1036
104;8;4;Azenha;13341;10989;2352;-127;225;-352
104;8;4;Bom Fim;10483;8607;1876;5;202;-197
104;8;4;Centro;43122;37256;5866;189;164;25
104;8;4;Cidade Baixa;14988;12577;2411;111;167;-56
104;8;4;Farroupilha;291;230;61;-83;-34;-49
104;8;4;Floresta;10854;9203;1651;26;83;-57
104;8;4;Independência;6587;5559;1028;-361;70;-431
104;8;4;Menino Deus;33963;29417;4546;126;134;-8
104;8;4;Moinhos de Vento;11502;9682;1820;-262;38;-300
104;8;4;Praia de Belas;1404;937;467;-1;163;-164
104;8;4;Rio Branco;17779;15059;2720;98;103;-5
104;8;4;Santa Cecília;4541;3531;1010;-12;206;-218
104;8;4;Santana;21634;18489;3145;291;76;215
105;9;4;Azenha;13301;10974;2327;-40;-15;-25
105;9;4;Bom Fim;10437;8579;1858;-46;-28;-18
105;9;4;Centro;43360;37250;6110;238;-6;244
105;9;4;Cidade Baixa;15009;12538;2471;21;-39;60
105;9;4;Farroupilha;261;242;19;-30;12;-42
105;9;4;Floresta;10854;9180;1674;0;-23;23
105;9;4;Independência;6604;5552;1052;17;-7;24
105;9;4;Menino Deus;34133;29425;4708;170;8;162
105;9;4;Moinhos de Vento;11418;9653;1765;-84;-29;-55
105;9;4;Praia de Belas;1316;922;394;-88;-15;-73
105;9;4;Rio Branco;17796;15083;2713;17;24;-7
105;9;4;Santa Cecília;4476;3552;924;-65;21;-86
105;9;4;Santana;21524;18454;3070;-110;-35;-75
106;10;4;Azenha;13307;11074;2233;6;100;-94
106;10;4;Bom Fim;10455;8821;1634;18;242;-224
106;10;4;Centro;43405;37233;6172;45;-17;62
106;10;4;Cidade Baixa;14880;12743;2137;-129;205;-334
106;10;4;Farroupilha;228;228;0;-33;-14;-19
106;10;4;Floresta;10674;9269;1405;-180;89;-269
106;10;4;Independência;6954;5830;1124;350;278;72
106;10;4;Menino Deus;33809;29435;4374;-324;10;-334
106;10;4;Moinhos de Vento;11487;9781;1706;69;128;-59
106;10;4;Praia de Belas;1562;1052;510;246;130;116
106;10;4;Rio Branco;17605;15126;2479;-191;43;-234
106;10;4;Santa Cecília;4654;3748;906;178;196;-18
106;10;4;Santana;21469;18662;2807;-55;208;-263
107;11;4;Azenha;13450;12225;1225;143;1151;-1008
107;11;4;Bom Fim;10753;9936;817;298;1115;-817
107;11;4;Centro;42285;37929;4356;-1120;696;-1816
107;11;4;Cidade Baixa;15098;13770;1328;218;1027;-809
107;11;4;Farroupilha;306;306;0;78;78;0
107;11;4;Floresta;11010;10159;851;336;890;-554
107;11;4;Independência;7183;6530;653;229;700;-471
107;11;4;Menino Deus;33135;30230;2905;-674;795;-1469
107;11;4;Moinhos de Vento;11679;10574;1105;192;793;-601
107;11;4;Praia de Belas;1640;1222;418;78;170;-92
107;11;4;Rio Branco;17602;15948;1654;-3;822;-825
107;11;4;Santa Cecília;4889;4465;424;235;717;-482
107;11;4;Santana;21459;19412;2047;-10;750;-760
108;12;4;Azenha;13479;11682;1797;29;-543;572
108;12;4;Bom Fim;10660;9291;1369;-93;-645;552
108;12;4;Centro;43749;37741;6008;1464;-188;1652
108;12;4;Cidade Baixa;14774;13131;1643;-324;-639;315
108;12;4;Farroupilha;284;209;75;-22;-97;75
108;12;4;Floresta;10793;9609;1184;-217;-550;333
108;12;4;Independência;6853;5928;925;-330;-602;272
108;12;4;Menino Deus;33589;29703;3886;454;-527;981
108;12;4;Moinhos de Vento;11518;10180;1338;-161;-394;233
108;12;4;Praia de Belas;1431;1005;426;-209;-217;8
108;12;4;Rio Branco;17373;15261;2112;-229;-687;458
108;12;4;Santa Cecília;4610;3872;738;-279;-593;314
108;12;4;Santana;21376;18758;2618;-83;-654;571
109;13;4;Azenha;13353;11671;1682;-126;-11;-115
109;13;4;Bom Fim;10507;9240;1267;-153;-51;-102
109;13;4;Centro;43912;37715;6197;163;-26;189
109;13;4;Cidade Baixa;14788;13057;1731;14;-74;88
109;13;4;Farroupilha;207;202;5;-77;-7;-70
109;13;4;Floresta;10859;9603;1256;66;-6;72
109;13;4;Independência;6800;5905;895;-53;-23;-30
109;13;4;Menino Deus;33837;29724;4113;248;21;227
109;13;4;Moinhos de Vento;11518;10145;1373;0;-35;35
109;13;4;Praia de Belas;1317;980;337;-114;-25;-89
109;13;4;Rio Branco;17550;15271;2279;177;10;167
109;13;4;Santa Cecília;4481;3806;675;-129;-66;-63
109;13;4;Santana;21360;18698;2662;-16;-60;44
110;14;4;Azenha;13509;11755;1754;156;84;72
110;14;4;Bom Fim;10752;9322;1430;245;82;163
110;14;4;Centro;43438;37680;5758;-474;-35;-439
110;14;4;Cidade Baixa;14824;13144;1680;36;87;-51
110;14;4;Farroupilha;189;189;0;-18;-13;-5
110;14;4;Floresta;10846;9666;1180;-13;63;-76
110;14;4;Independência;7084;6094;990;284;189;95
110;14;4;Menino Deus;33447;29692;3755;-390;-32;-358
110;14;4;Moinhos de Vento;11683;10261;1422;165;116;49
110;14;4;Praia de Belas;1497;1140;357;180;160;20
110;14;4;Rio Branco;17356;15236;2120;-194;-35;-159
110;14;4;Santa Cecília;4631;3867;764;150;61;89
110;14;4;Santana;21233;18796;2437;-127;98;-225
111;15;4;Azenha;13225;11791;1434;-284;36;-320
111;15;4;Bom Fim;10672;9418;1254;-80;96;-176
111;15;4;Centro;43515;37684;5831;77;4;73
111;15;4;Cidade Baixa;14956;13167;1789;132;23;109
111;15;4;Farroupilha;223;223;0;34;34;0
111;15;4;Floresta;11000;9763;1237;154;97;57
111;15;4;Independência;6790;6156;634;-294;62;-356
111;15;4;Menino Deus;33838;29800;4038;391;108;283
111;15;4;Moinhos de Vento;11528;10257;1271;-155;-4;-151
111;15;4;Praia de Belas;1364;1128;236;-133;-12;-121
111;15;4;Rio Branco;17592;15326;2266;236;90;146
111;15;4;Santa Cecília;4551;3907;644;-80;40;-120
111;15;4;Santana;21235;18750;2485;2;-46;48
112;16;4;Azenha;13158;12028;1130;-67;237;-304
112;16;4;Bom Fim;10764;9740;1024;92;322;-230
112;16;4;Centro;43093;37888;5205;-422;204;-626
112;16;4;Cidade Baixa;15075;13439;1636;119;272;-153
112;16;4;Farroupilha;200;200;0;-23;-23;0
112;16;4;Floresta;11151;10010;1141;151;247;-96
112;16;4;Independência;6851;6457;394;61;301;-240
112;16;4;Menino Deus;33545;30014;3531;-293;214;-507
112;16;4;Moinhos de Vento;11471;10496;975;-57;239;-296
112;16;4;Praia de Belas;1432;1247;185;68;119;-51
112;16;4;Rio Branco;17618;15544;2074;26;218;-192
112;16;4;Santa Cecília;4647;4126;521;96;219;-123
112;16;4;Santana;21484;18928;2556;249;178;71
113;17;4;Azenha;13320;12966;354;162;938;-776
113;17;4;Bom Fim;10964;10649;315;200;909;-709
113;17;4;Centro;41565;38520;3045;-1528;632;-2160
113;17;4;Cidade Baixa;15244;14343;901;169;904;-735
113;17;4;Farroupilha;393;393;0;193;193;0
113;17;4;Floresta;11245;10719;526;94;709;-615
113;17;4;Independência;7515;7288;227;664;831;-167
113;17;4;Menino Deus;32823;30691;2132;-722;677;-1399
113;17;4;Moinhos de Vento;11765;11172;593;294;676;-382
113;17;4;Praia de Belas;1676;1590;86;244;343;-99
113;17;4;Rio Branco;17656;16360;1296;38;816;-778
113;17;4;Santa Cecília;5002;4831;171;355;705;-350
113;17;4;Santana;21321;19588;1733;-163;660;-823
114;18;4;Azenha;13576;12885;691;256;-81;337
114;18;4;Bom Fim;11041;10493;548;77;-156;233
114;18;4;Centro;40824;38138;2686;-741;-382;-359
114;18;4;Cidade Baixa;15189;14207;982;-55;-136;81
114;18;4;Farroupilha;366;366;0;-27;-27;0
114;18;4;Floresta;11307;10635;672;62;-84;146
114;18;4;Independência;7611;7216;395;96;-72;168
114;18;4;Menino Deus;32821;30453;2368;-2;-238;236
114;18;4;Moinhos de Vento;11796;11099;697;31;-73;104
114;18;4;Praia de Belas;1742;1622;120;66;32;34
114;18;4;Rio Branco;17584;16218;1366;-72;-142;70
114;18;4;Santa Cecília;5216;4799;417;214;-32;246
114;18;4;Santana;21416;19671;1745;95;83;12
115;19;4;Azenha;13583;12959;624;7;74;-67
115;19;4;Bom Fim;11046;10572;474;5;79;-74
115;19;4;Centro;40874;38243;2631;50;105;-55
115;19;4;Cidade Baixa;15212;14340;872;23;133;-110
115;19;4;Farroupilha;435;435;0;69;69;0
115;19;4;Floresta;11331;10753;578;24;118;-94
115;19;4;Independência;7597;7284;313;-14;68;-82
115;19;4;Menino Deus;32873;30556;2317;52;103;-51
115;19;4;Moinhos de Vento;11805;11169;636;9;70;-61
115;19;4;Praia de Belas;1662;1646;16;-80;24;-104
115;19;4;Rio Branco;17607;16315;1292;23;97;-74
115;19;4;Santa Cecília;5217;4882;335;1;83;-82
115;19;4;Santana;21247;19646;1601;-169;-25;-144
116;20;4;Azenha;13679;13679;0;96;720;-624
116;20;4;Bom Fim;11475;11425;50;429;853;-424
116;20;4;Centro;39193;38993;200;-1681;750;-2431
116;20;4;Cidade Baixa;15305;15195;110;93;855;-762
116;20;4;Farroupilha;1049;841;208;614;406;208
116;20;4;Floresta;11518;11427;91;187;674;-487
116;20;4;Independência;8060;7953;107;463;669;-206
116;20;4;Menino Deus;31835;31414;421;-1038;858;-1896
116;20;4;Moinhos de Vento;11853;11742;111;48;573;-525
116;20;4;Praia de Belas;2400;2197;203;738;551;187
116;20;4;Rio Branco;17400;17193;207;-207;878;-1085
116;20;4;Santa Cecília;5832;5553;279;615;671;-56
116;20;4;Santana;20890;20430;460;-357;784;-1141
117;21;4;Azenha;13732;13723;9;53;44;9
117;21;4;Bom Fim;11502;11488;14;27;63;-36
117;21;4;Centro;39325;39060;265;132;67;65
117;21;4;Cidade Baixa;15315;15244;71;10;49;-39
117;21;4;Farroupilha;1009;883;126;-40;42;-82
117;21;4;Floresta;11537;11491;46;19;64;-45
117;21;4;Independência;8019;8018;1;-41;65;-106
117;21;4;Menino Deus;31816;31531;285;-19;117;-136
117;21;4;Moinhos de Vento;11876;11839;37;23;97;-74
117;21;4;Praia de Belas;2300;2210;90;-100;13;-113
117;21;4;Rio Branco;17491;17335;156;91;142;-51
117;21;4;Santa Cecília;5769;5629;140;-63;76;-139
117;21;4;Santana;20798;20544;254;-92;114;-206
118;22;4;Azenha;13796;13654;142;64;-69;133
118;22;4;Bom Fim;11557;11417;140;55;-71;126
118;22;4;Centro;39259;39021;238;-66;-39;-27
118;22;4;Cidade Baixa;15347;15199;148;32;-45;77
118;22;4;Farroupilha;1003;851;152;-6;-32;26
118;22;4;Floresta;11579;11448;131;42;-43;85
118;22;4;Independência;8102;7968;134;83;-50;133
118;22;4;Menino Deus;31675;31468;207;-141;-63;-78
118;22;4;Moinhos de Vento;11949;11811;138;73;-28;101
118;22;4;Praia de Belas;2350;2204;146;50;-6;56
118;22;4;Rio Branco;17433;17274;159;-58;-61;3
118;22;4;Santa Cecília;5743;5595;148;-26;-34;8
118;22;4;Santana;20696;20506;190;-102;-38;-64
119;23;4;Azenha;13804;13804;0;8;150;-142
119;23;4;Bom Fim;11593;11593;0;36;176;-140
119;23;4;Centro;39154;39154;0;-105;133;-238
119;23;4;Cidade Baixa;15379;15379;0;32;180;-148
119;23;4;Farroupilha;961;961;0;-42;110;-152
119;23;4;Floresta;11596;11596;0;17;148;-131
119;23;4;Independência;8112;8112;0;10;144;-134
119;23;4;Menino Deus;31650;31650;0;-25;182;-207
119;23;4;Moinhos de Vento;11937;11937;0;-12;126;-138
119;23;4;Praia de Belas;2281;2281;0;-69;77;-146
119;23;4;Rio Branco;17531;17531;0;98;257;-159
119;23;4;Santa Cecília;5768;5768;0;25;173;-148
119;23;4;Santana;20723;20723;0;27;217;-190
