Frame;Hour;Day;Region;Total;Locals;Outsiders;dTotals;dLocals;dOutsiders
0;0;0;Azenha;13828;13750;78;24;-54;78
0;0;0;Bom Fim;11509;11509;0;-84;-84;0
0;0;0;Centro;39188;39119;69;34;-35;69
0;0;0;Cidade Baixa;15318;15318;0;-61;-61;0
0;0;0;Farroupilha;989;900;89;28;-61;89
0;0;0;Floresta;11541;11541;0;-55;-55;0
0;0;0;Independência;8143;8057;86;31;-55;86
0;0;0;Menino Deus;31681;31606;75;31;-44;75
0;0;0;Moinhos de Vento;11970;11894;76;33;-43;76
0;0;0;Praia de Belas;2235;2235;0;-46;-46;0
0;0;0;Rio Branco;17554;17472;82;23;-59;82
0;0;0;Santa Cecília;5787;5708;79;19;-60;79
0;0;0;Santana;20746;20666;80;23;-57;80
1;1;0;Azenha;13829;13717;112;1;-33;34
1;1;0;Bom Fim;11474;11474;0;-35;-35;0
1;1;0;Centro;39255;39105;150;67;-14;81
1;1;0;Cidade Baixa;15286;15286;0;-32;-32;0
1;1;0;Farroupilha;956;866;90;-33;-34;1
1;1;0;Floresta;11518;11518;0;-23;-23;0
1;1;0;Independência;8127;8030;97;-16;-27;11
1;1;0;Menino Deus;31743;31587;156;62;-19;81
1;1;0;Moinhos de Vento;11976;11876;100;6;-18;24
1;1;0;Praia de Belas;2208;2208;0;-27;-27;0
1;1;0;Rio Branco;17576;17451;125;22;-21;43
1;1;0;Santa Cecília;5759;5674;85;-28;-34;6
1;1;0;Santana;20782;20642;140;36;-24;60
2;2;0;Azenha;13820;13714;106;-9;-3;-6
2;2;0;Bom Fim;11471;11471;0;-3;-3;0
2;2;0;Centro;39261;39105;156;6;0;6
2;2;0;Cidade Baixa;15284;15284;0;-2;-2;0
2;2;0;Farroupilha;958;866;92;2;0;2
2;2;0;Floresta;11517;11517;0;-1;-1;0
2;2;0;Independência;8124;8027;97;-3;-3;0
2;2;0;Menino Deus;31751;31587;164;8;0;8
2;2;0;Moinhos de Vento;11976;11874;102;0;-2;2
2;2;0;Praia de Belas;2207;2207;0;-1;-1;0
2;2;0;Rio Branco;17578;17449;129;2;-2;4
2;2;0;Santa Cecília;5763;5673;90;4;-1;5
2;2;0;Santana;20779;20641;138;-3;-1;-2
3;3;0;Azenha;13834;13721;113;14;7;7
3;3;0;Bom Fim;11474;11474;0;3;3;0
3;3;0;Centro;39263;39108;155;2;3;-1
3;3;0;Cidade Baixa;15287;15287;0;3;3;0
3;3;0;Farroupilha;962;869;93;4;3;1
3;3;0;Floresta;11518;11518;0;1;1;0
3;3;0;Independência;8133;8030;103;9;3;6
3;3;0;Menino Deus;31728;31588;140;-23;1;-24
3;3;0;Moinhos de Vento;11978;11876;102;2;2;0
3;3;0;Praia de Belas;2210;2210;0;3;3;0
3;3;0;Rio Branco;17568;17449;119;-10;0;-10
3;3;0;Santa Cecília;5767;5679;88;4;6;-2
3;3;0;Santana;20767;20641;126;-12;0;-12
4;4;0;Azenha;13867;13650;217;33;-71;104
4;4;0;Bom Fim;11370;11370;0;-104;-104;0
4;4;0;Centro;39350;39064;286;87;-44;131
4;4;0;Cidade Baixa;15204;15204;0;-83;-83;0
4;4;0;Farroupilha;972;788;184;10;-81;91
4;4;0;Floresta;11445;11445;0;-73;-73;0
4;4;0;Independência;8159;7959;200;26;-71;97
4;4;0;Menino Deus;31765;31529;236;37;-59;96
4;4;0;Moinhos de Vento;12007;11817;190;29;-59;88
4;4;0;Praia de Belas;2149;2149;0;-61;-61;0
4;4;0;Rio Branco;17615;17378;237;47;-71;118
4;4;0;Santa Cecília;5778;5601;177;11;-78;89
4;4;0;Santana;20808;20569;239;41;-72;113
5;5;0;Azenha;13849;13639;210;-18;-11;-7
5;5;0;Bom Fim;11363;11363;0;-7;-7;0
5;5;0;Centro;39353;39060;293;3;-4;7
5;5;0;Cidade Baixa;15196;15196;0;-8;-8;0
5;5;0;Farroupilha;967;781;186;-5;-7;2
5;5;0;Floresta;11440;11440;0;-5;-5;0
5;5;0;Independência;8162;7954;208;3;-5;8
5;5;0;Menino Deus;31816;31527;289;51;-2;53
5;5;0;Moinhos de Vento;12020;11816;204;13;-1;14
5;5;0;Praia de Belas;2141;2141;0;-8;-8;0
5;5;0;Rio Branco;17600;17371;229;-15;-7;-8
5;5;0;Santa Cecília;5779;5597;182;1;-4;5
5;5;0;Santana;20803;20564;239;-5;-5;0
6;6;0;Azenha;13847;13652;195;-2;13;-15
6;6;0;Bom Fim;11376;11376;0;13;13;0
6;6;0;Centro;39321;39066;255;-32;6;-38
6;6;0;Cidade Baixa;15211;15211;0;15;15;0
6;6;0;Farroupilha;981;794;187;14;13;1
6;6;0;Floresta;11451;11451;0;11;11;0
6;6;0;Independência;8159;7965;194;-3;11;-14
6;6;0;Menino Deus;31782;31536;246;-34;9;-43
6;6;0;Moinhos de Vento;12011;11822;189;-9;6;-15
6;6;0;Praia de Belas;2153;2153;0;12;12;0
6;6;0;Rio Branco;17613;17384;229;13;13;0
6;6;0;Santa Cecília;5782;5607;175;3;10;-7
6;6;0;Santana;20802;20575;227;-1;11;-12
7;7;0;Azenha;13863;13635;228;16;-17;33
7;7;0;Bom Fim;11352;11352;0;-24;-24;0
7;7;0;Centro;39353;39055;298;32;-11;43
7;7;0;Cidade Baixa;15191;15191;0;-20;-20;0
7;7;0;Farroupilha;966;777;189;-15;-17;2
7;7;0;Floresta;11435;11435;0;-16;-16;0
7;7;0;Independência;8165;7950;215;6;-15;21
7;7;0;Menino Deus;31802;31522;280;20;-14;34
7;7;0;Moinhos de Vento;12020;11810;210;9;-12;21
7;7;0;Praia de Belas;2138;2138;0;-15;-15;0
7;7;0;Rio Branco;17609;17367;242;-4;-17;13
7;7;0;Santa Cecília;5775;5591;184;-7;-16;9
7;7;0;Santana;20820;20562;258;18;-13;31
8;8;0;Azenha;13884;13536;348;21;-99;120
8;8;0;Bom Fim;11223;11223;0;-129;-129;0
8;8;0;Centro;39501;38998;503;148;-57;205
8;8;0;Cidade Baixa;15079;15079;0;-112;-112;0
8;8;0;Farroupilha;951;670;281;-15;-107;92
8;8;0;Floresta;11343;11343;0;-92;-92;0
8;8;0;Independência;8176;7854;322;11;-96;107
8;8;0;Menino Deus;31922;31451;471;120;-71;191
8;8;0;Moinhos de Vento;12064;11737;327;44;-73;117
8;8;0;Praia de Belas;2050;2050;0;-88;-88;0
8;8;0;Rio Branco;17670;17276;394;61;-91;152
8;8;0;Santa Cecília;5785;5492;293;10;-99;109
8;8;0;Santana;20841;20467;374;21;-95;116
9;9;0;Azenha;13876;13533;343;-8;-3;-5
9;9;0;Bom Fim;11217;11217;0;-6;-6;0
9;9;0;Centro;39490;38997;493;-11;-1;-10
9;9;0;Cidade Baixa;15079;15079;0;0;0;0
9;9;0;Farroupilha;949;665;284;-2;-5;3
9;9;0;Floresta;11340;11340;0;-3;-3;0
9;9;0;Independência;8181;7853;328;5;-1;6
9;9;0;Menino Deus;31891;31448;443;-31;-3;-28
9;9;0;Moinhos de Vento;12046;11734;312;-18;-3;-15
9;9;0;Praia de Belas;2050;2050;0;0;0;0
9;9;0;Rio Branco;17692;17275;417;22;-1;23
9;9;0;Santa Cecília;5781;5484;297;-4;-8;4
9;9;0;Santana;20897;20470;427;56;3;53
10;10;0;Azenha;13859;13519;340;-17;-14;-3
10;10;0;Bom Fim;11209;11209;0;-8;-8;0
10;10;0;Centro;39478;38991;487;-12;-6;-6
10;10;0;Cidade Baixa;15070;15070;0;-9;-9;0
10;10;0;Farroupilha;946;658;288;-3;-7;4
10;10;0;Floresta;11333;11333;0;-7;-7;0
10;10;0;Independência;8183;7846;337;2;-7;9
10;10;0;Menino Deus;31935;31447;488;44;-1;45
10;10;0;Moinhos de Vento;12070;11731;339;24;-3;27
10;10;0;Praia de Belas;2040;2040;0;-10;-10;0
10;10;0;Rio Branco;17668;17265;403;-24;-10;-14
10;10;0;Santa Cecília;5785;5477;308;4;-7;11
10;10;0;Santana;20913;20462;451;16;-8;24
11;11;0;Azenha;13862;13529;333;3;10;-7
11;11;0;Bom Fim;11216;11216;0;7;7;0
11;11;0;Centro;39455;38994;461;-23;3;-26
11;11;0;Cidade Baixa;15078;15078;0;8;8;0
11;11;0;Farroupilha;960;670;290;14;12;2
11;11;0;Floresta;11340;11340;0;7;7;0
11;11;0;Independência;8200;7854;346;17;8;9
11;11;0;Menino Deus;31956;31455;501;21;8;13
11;11;0;Moinhos de Vento;12075;11736;339;5;5;0
11;11;0;Praia de Belas;2047;2047;0;7;7;0
11;11;0;Rio Branco;17668;17273;395;0;8;-8
11;11;0;Santa Cecília;5789;5493;296;4;16;-12
11;11;0;Santana;20843;20465;378;-70;3;-73
12;12;0;Azenha;13919;13472;447;57;-57;114
12;12;0;Bom Fim;11126;11126;0;-90;-90;0
12;12;0;Centro;39545;38957;588;90;-37;127
12;12;0;Cidade Baixa;15005;15005;0;-73;-73;0
12;12;0;Farroupilha;985;603;382;25;-67;92
12;12;0;Floresta;11281;11281;0;-59;-59;0
12;12;0;Independência;8219;7793;426;19;-61;80
12;12;0;Menino Deus;31962;31399;563;6;-56;62
12;12;0;Moinhos de Vento;12083;11688;395;8;-48;56
12;12;0;Praia de Belas;1993;1993;0;-54;-54;0
12;12;0;Rio Branco;17676;17209;467;8;-64;72
12;12;0;Santa Cecília;5796;5424;372;7;-69;76
12;12;0;Santana;20899;20403;496;56;-62;118
13;13;0;Azenha;13916;13452;464;-3;-20;17
13;13;0;Bom Fim;11108;11108;0;-18;-18;0
13;13;0;Centro;39517;38947;570;-28;-10;-18
13;13;0;Cidade Baixa;14990;14990;0;-15;-15;0
13;13;0;Farroupilha;968;584;384;-17;-19;2
13;13;0;Floresta;11267;11267;0;-14;-14;0
13;13;0;Independência;8216;7778;438;-3;-15;12
13;13;0;Menino Deus;32009;31389;620;47;-10;57
13;13;0;Moinhos de Vento;12085;11675;410;2;-13;15
13;13;0;Praia de Belas;1979;1979;0;-14;-14;0
13;13;0;Rio Branco;17716;17197;519;40;-12;52
13;13;0;Santa Cecília;5800;5404;396;4;-20;24
13;13;0;Santana;20918;20389;529;19;-14;33
14;14;0;Azenha;13947;13451;496;31;-1;32
14;14;0;Bom Fim;11094;11094;0;-14;-14;0
14;14;0;Centro;39545;38941;604;28;-6;34
14;14;0;Cidade Baixa;14981;14981;0;-9;-9;0
14;14;0;Farroupilha;960;574;386;-8;-10;2
14;14;0;Floresta;11255;11255;0;-12;-12;0
14;14;0;Independência;8225;7766;459;9;-12;21
14;14;0;Menino Deus;31983;31380;603;-26;-9;-17
14;14;0;Moinhos de Vento;12111;11669;442;26;-6;32
14;14;0;Praia de Belas;1973;1973;0;-6;-6;0
14;14;0;Rio Branco;17713;17188;525;-3;-9;6
14;14;0;Santa Cecília;5785;5396;389;-15;-8;-7
14;14;0;Santana;20917;20381;536;-1;-8;7
15;15;0;Azenha;13883;13416;467;-64;-35;-29
15;15;0;Bom Fim;11053;11053;0;-41;-41;0
15;15;0;Centro;39730;38932;798;185;-9;194
15;15;0;Cidade Baixa;14942;14942;0;-39;-39;0
15;15;0;Farroupilha;930;539;391;-30;-35;5
15;15;0;Floresta;11225;11225;0;-30;-30;0
15;15;0;Independência;8190;7729;461;-35;-37;2
15;15;0;Menino Deus;32007;31362;645;24;-18;42
15;15;0;Moinhos de Vento;12098;11642;456;-13;-27;14
15;15;0;Praia de Belas;1943;1943;0;-30;-30;0
15;15;0;Rio Branco;17775;17166;609;62;-22;84
15;15;0;Santa Cecília;5775;5365;410;-10;-31;21
15;15;0;Santana;20938;20358;580;21;-23;44
16;16;0;Azenha;13923;13317;606;40;-99;139
16;16;0;Bom Fim;10937;10937;0;-116;-116;0
16;16;0;Centro;39698;38873;825;-32;-59;27
16;16;0;Cidade Baixa;14850;14850;0;-92;-92;0
16;16;0;Farroupilha;924;439;485;-6;-100;94
16;16;0;Floresta;11148;11148;0;-77;-77;0
16;16;0;Independência;8226;7651;575;36;-78;114
16;16;0;Menino Deus;32145;31299;846;138;-63;201
16;16;0;Moinhos de Vento;12142;11581;561;44;-61;105
16;16;0;Praia de Belas;1866;1866;0;-77;-77;0
16;16;0;Rio Branco;17811;17082;729;36;-84;120
16;16;0;Santa Cecília;5759;5263;496;-16;-102;86
16;16;0;Santana;21060;20276;784;122;-82;204
17;17;0;Azenha;13945;13360;585;22;43;-21
17;17;0;Bom Fim;10958;10958;0;21;21;0
17;17;0;Centro;39807;38893;914;109;20;89
17;17;0;Cidade Baixa;14869;14869;0;19;19;0
17;17;0;Farroupilha;950;466;484;26;27;-1
17;17;0;Floresta;11157;11157;0;9;9;0
17;17;0;Independência;8255;7669;586;29;18;11
17;17;0;Menino Deus;32022;31311;711;-123;12;-135
17;17;0;Moinhos de Vento;12172;11599;573;30;18;12
17;17;0;Praia de Belas;1888;1888;0;22;22;0
17;17;0;Rio Branco;17725;17095;630;-86;13;-99
17;17;0;Santa Cecília;5788;5299;489;29;36;-7
17;17;0;Santana;20953;20292;661;-107;16;-123
18;18;0;Azenha;13930;13376;554;-15;16;-31
18;18;0;Bom Fim;10997;10997;0;39;39;0
18;18;0;Centro;39587;38902;685;-220;9;-229
18;18;0;Cidade Baixa;14909;14909;0;40;40;0
18;18;0;Farroupilha;986;502;484;36;36;0
18;18;0;Floresta;11196;11196;0;39;39;0
18;18;0;Independência;8238;7702;536;-17;33;-50
18;18;0;Menino Deus;32057;31337;720;35;26;9
18;18;0;Moinhos de Vento;12122;11618;504;-50;19;-69
18;18;0;Praia de Belas;1914;1914;0;26;26;0
18;18;0;Rio Branco;17775;17127;648;50;32;18
18;18;0;Santa Cecília;5799;5321;478;11;22;-11
18;18;0;Santana;20979;20316;663;26;24;2
19;19;0;Azenha;13940;13391;549;10;15;-5
19;19;0;Bom Fim;11008;11008;0;11;11;0
19;19;0;Centro;39608;38907;701;21;5;16
19;19;0;Cidade Baixa;14917;14917;0;8;8;0
19;19;0;Farroupilha;998;515;483;12;13;-1
19;19;0;Floresta;11202;11202;0;6;6;0
19;19;0;Independência;8245;7709;536;7;7;0
19;19;0;Menino Deus;32028;31342;686;-29;5;-34
19;19;0;Moinhos de Vento;12130;11626;504;8;8;0
19;19;0;Praia de Belas;1924;1924;0;10;10;0
19;19;0;Rio Branco;17745;17133;612;-30;6;-36
19;19;0;Santa Cecília;5805;5336;469;6;15;-9
19;19;0;Santana;20939;20325;614;-40;9;-49
20;20;0;Azenha;13956;13366;590;16;-25;41
20;20;0;Bom Fim;10952;10952;0;-56;-56;0
20;20;0;Centro;39571;38885;686;-37;-22;-15
20;20;0;Cidade Baixa;14887;14887;0;-30;-30;0
20;20;0;Farroupilha;1054;480;574;56;-35;91
20;20;0;Floresta;11167;11167;0;-35;-35;0
20;20;0;Independência;8291;7676;615;46;-33;79
20;20;0;Menino Deus;31979;31314;665;-49;-28;-21
20;20;0;Moinhos de Vento;12182;11603;579;52;-23;75
20;20;0;Praia de Belas;1909;1909;0;-15;-15;0
20;20;0;Rio Branco;17724;17089;635;-21;-44;23
20;20;0;Santa Cecília;5848;5301;547;43;-35;78
20;20;0;Santana;20969;20293;676;30;-32;62
21;21;0;Azenha;13960;13391;569;4;25;-21
21;21;0;Bom Fim;10975;10975;0;23;23;0
21;21;0;Centro;39519;38895;624;-52;10;-62
21;21;0;Cidade Baixa;14911;14911;0;24;24;0
21;21;0;Farroupilha;1076;501;575;22;21;1
21;21;0;Floresta;11183;11183;0;16;16;0
21;21;0;Independência;8289;7693;596;-2;17;-19
21;21;0;Menino Deus;31939;31329;610;-40;15;-55
21;21;0;Moinhos de Vento;12172;11618;554;-10;15;-25
21;21;0;Praia de Belas;1928;1928;0;19;19;0
21;21;0;Rio Branco;17738;17109;629;14;20;-6
21;21;0;Santa Cecília;5861;5323;538;13;22;-9
21;21;0;Santana;20938;20309;629;-31;16;-47
22;22;0;Azenha;13974;13411;563;14;20;-6
22;22;0;Bom Fim;10998;10998;0;23;23;0
22;22;0;Centro;39473;38905;568;-46;10;-56
22;22;0;Cidade Baixa;14930;14930;0;19;19;0
22;22;0;Farroupilha;1100;524;576;24;23;1
22;22;0;Floresta;11202;11202;0;19;19;0
22;22;0;Independência;8292;7712;580;3;19;-16
22;22;0;Menino Deus;31925;31341;584;-14;12;-26
22;22;0;Moinhos de Vento;12159;11631;528;-13;13;-26
22;22;0;Praia de Belas;1944;1944;0;16;16;0
22;22;0;Rio Branco;17725;17126;599;-13;17;-30
22;22;0;Santa Cecília;5874;5345;529;13;22;-9
22;22;0;Santana;20893;20322;571;-45;13;-58
23;23;0;Azenha;13804;13804;0;-170;393;-563
23;23;0;Bom Fim;11593;11593;0;595;595;0
23;23;0;Centro;39154;39154;0;-319;249;-568
23;23;0;Cidade Baixa;15379;15379;0;449;449;0
23;23;0;Farroupilha;961;961;0;-139;437;-576
23;23;0;Floresta;11596;11596;0;394;394;0
23;23;0;Independência;8112;8112;0;-180;400;-580
23;23;0;Menino Deus;31650;31650;0;-275;309;-584
23;23;0;Moinhos de Vento;11937;11937;0;-222;306;-528
23;23;0;Praia de Belas;2281;2281;0;337;337;0
23;23;0;Rio Branco;17531;17531;0;-194;405;-599
23;23;0;Santa Cecília;5768;5768;0;-106;423;-529
23;23;0;Santana;20723;20723;0;-170;401;-571
24;0;1;Azenha;13828;13750;78;24;-54;78
24;0;1;Bom Fim;11509;11509;0;-84;-84;0
24;0;1;Centro;39188;39119;69;34;-35;69
24;0;1;Cidade Baixa;15318;15318;0;-61;-61;0
24;0;1;Farroupilha;989;900;89;28;-61;89
24;0;1;Floresta;11541;11541;0;-55;-55;0
24;0;1;Independência;8143;8057;86;31;-55;86
24;0;1;Menino Deus;31681;31606;75;31;-44;75
24;0;1;Moinhos de Vento;11970;11894;76;33;-43;76
24;0;1;Praia de Belas;2235;2235;0;-46;-46;0
24;0;1;Rio Branco;17554;17472;82;23;-59;82
24;0;1;Santa Cecília;5787;5708;79;19;-60;79
24;0;1;Santana;20746;20666;80;23;-57;80
25;1;1;Azenha;13829;13717;112;1;-33;34
25;1;1;Bom Fim;11474;11474;0;-35;-35;0
25;1;1;Centro;39255;39105;150;67;-14;81
25;1;1;Cidade Baixa;15286;15286;0;-32;-32;0
25;1;1;Farroupilha;956;866;90;-33;-34;1
25;1;1;Floresta;11518;11518;0;-23;-23;0
25;1;1;Independência;8127;8030;97;-16;-27;11
25;1;1;Menino Deus;31743;31587;156;62;-19;81
25;1;1;Moinhos de Vento;11976;11876;100;6;-18;24
25;1;1;Praia de Belas;2208;2208;0;-27;-27;0
25;1;1;Rio Branco;17576;17451;125;22;-21;43
25;1;1;Santa Cecília;5759;5674;85;-28;-34;6
25;1;1;Santana;20782;20642;140;36;-24;60
26;2;1;Azenha;13820;13714;106;-9;-3;-6
26;2;1;Bom Fim;11471;11471;0;-3;-3;0
26;2;1;Centro;39261;39105;156;6;0;6
26;2;1;Cidade Baixa;15284;15284;0;-2;-2;0
26;2;1;Farroupilha;958;866;92;2;0;2
26;2;1;Floresta;11517;11517;0;-1;-1;0
26;2;1;Independência;8124;8027;97;-3;-3;0
26;2;1;Menino Deus;31751;31587;164;8;0;8
26;2;1;Moinhos de Vento;11976;11874;102;0;-2;2
26;2;1;Praia de Belas;2207;2207;0;-1;-1;0
26;2;1;Rio Branco;17578;17449;129;2;-2;4
26;2;1;Santa Cecília;5763;5673;90;4;-1;5
26;2;1;Santana;20779;20641;138;-3;-1;-2
27;3;1;Azenha;13834;13721;113;14;7;7
27;3;1;Bom Fim;11474;11474;0;3;3;0
27;3;1;Centro;39263;39108;155;2;3;-1
27;3;1;Cidade Baixa;15287;15287;0;3;3;0
27;3;1;Farroupilha;962;869;93;4;3;1
27;3;1;Floresta;11518;11518;0;1;1;0
27;3;1;Independência;8133;8030;103;9;3;6
27;3;1;Menino Deus;31728;31588;140;-23;1;-24
27;3;1;Moinhos de Vento;11978;11876;102;2;2;0
27;3;1;Praia de Belas;2210;2210;0;3;3;0
27;3;1;Rio Branco;17568;17449;119;-10;0;-10
27;3;1;Santa Cecília;5767;5679;88;4;6;-2
27;3;1;Santana;20767;20641;126;-12;0;-12
28;4;1;Azenha;13867;13650;217;33;-71;104
28;4;1;Bom Fim;11370;11370;0;-104;-104;0
28;4;1;Centro;39350;39064;286;87;-44;131
28;4;1;Cidade Baixa;15204;15204;0;-83;-83;0
28;4;1;Farroupilha;972;788;184;10;-81;91
28;4;1;Floresta;11445;11445;0;-73;-73;0
28;4;1;Independência;8159;7959;200;26;-71;97
28;4;1;Menino Deus;31765;31529;236;37;-59;96
28;4;1;Moinhos de Vento;12007;11817;190;29;-59;88
28;4;1;Praia de Belas;2149;2149;0;-61;-61;0
28;4;1;Rio Branco;17615;17378;237;47;-71;118
28;4;1;Santa Cecília;5778;5601;177;11;-78;89
28;4;1;Santana;20808;20569;239;41;-72;113
29;5;1;Azenha;13849;13639;210;-18;-11;-7
29;5;1;Bom Fim;11363;11363;0;-7;-7;0
29;5;1;Centro;39353;39060;293;3;-4;7
29;5;1;Cidade Baixa;15196;15196;0;-8;-8;0
29;5;1;Farroupilha;967;781;186;-5;-7;2
29;5;1;Floresta;11440;11440;0;-5;-5;0
29;5;1;Independência;8162;7954;208;3;-5;8
29;5;1;Menino Deus;31816;31527;289;51;-2;53
29;5;1;Moinhos de Vento;12020;11816;204;13;-1;14
29;5;1;Praia de Belas;2141;2141;0;-8;-8;0
29;5;1;Rio Branco;17600;17371;229;-15;-7;-8
29;5;1;Santa Cecília;5779;5597;182;1;-4;5
29;5;1;Santana;20803;20564;239;-5;-5;0
30;6;1;Azenha;13847;13652;195;-2;13;-15
30;6;1;Bom Fim;11376;11376;0;13;13;0
30;6;1;Centro;39321;39066;255;-32;6;-38
30;6;1;Cidade Baixa;15211;15211;0;15;15;0
30;6;1;Farroupilha;981;794;187;14;13;1
30;6;1;Floresta;11451;11451;0;11;11;0
30;6;1;Independência;8159;7965;194;-3;11;-14
30;6;1;Menino Deus;31782;31536;246;-34;9;-43
30;6;1;Moinhos de Vento;12011;11822;189;-9;6;-15
30;6;1;Praia de Belas;2153;2153;0;12;12;0
30;6;1;Rio Branco;17613;17384;229;13;13;0
30;6;1;Santa Cecília;5782;5607;175;3;10;-7
30;6;1;Santana;20802;20575;227;-1;11;-12
31;7;1;Azenha;13863;13635;228;16;-17;33
31;7;1;Bom Fim;11352;11352;0;-24;-24;0
31;7;1;Centro;39353;39055;298;32;-11;43
31;7;1;Cidade Baixa;15191;15191;0;-20;-20;0
31;7;1;Farroupilha;966;777;189;-15;-17;2
31;7;1;Floresta;11435;11435;0;-16;-16;0
31;7;1;Independência;8165;7950;215;6;-15;21
31;7;1;Menino Deus;31802;31522;280;20;-14;34
31;7;1;Moinhos de Vento;12020;11810;210;9;-12;21
31;7;1;Praia de Belas;2138;2138;0;-15;-15;0
31;7;1;Rio Branco;17609;17367;242;-4;-17;13
31;7;1;Santa Cecília;5775;5591;184;-7;-16;9
31;7;1;Santana;20820;20562;258;18;-13;31
32;8;1;Azenha;13884;13536;348;21;-99;120
32;8;1;Bom Fim;11223;11223;0;-129;-129;0
32;8;1;Centro;39501;38998;503;148;-57;205
32;8;1;Cidade Baixa;15079;15079;0;-112;-112;0
32;8;1;Farroupilha;951;670;281;-15;-107;92
32;8;1;Floresta;11343;11343;0;-92;-92;0
32;8;1;Independência;8176;7854;322;11;-96;107
32;8;1;Menino Deus;31922;31451;471;120;-71;191
32;8;1;Moinhos de Vento;12064;11737;327;44;-73;117
32;8;1;Praia de Belas;2050;2050;0;-88;-88;0
32;8;1;Rio Branco;17670;17276;394;61;-91;152
32;8;1;Santa Cecília;5785;5492;293;10;-99;109
32;8;1;Santana;20841;20467;374;21;-95;116
33;9;1;Azenha;13876;13533;343;-8;-3;-5
33;9;1;Bom Fim;11217;11217;0;-6;-6;0
33;9;1;Centro;39490;38997;493;-11;-1;-10
33;9;1;Cidade Baixa;15079;15079;0;0;0;0
33;9;1;Farroupilha;949;665;284;-2;-5;3
33;9;1;Floresta;11340;11340;0;-3;-3;0
33;9;1;Independência;8181;7853;328;5;-1;6
33;9;1;Menino Deus;31891;31448;443;-31;-3;-28
33;9;1;Moinhos de Vento;12046;11734;312;-18;-3;-15
33;9;1;Praia de Belas;2050;2050;0;0;0;0
33;9;1;Rio Branco;17692;17275;417;22;-1;23
33;9;1;Santa Cecília;5781;5484;297;-4;-8;4
33;9;1;Santana;20897;20470;427;56;3;53
34;10;1;Azenha;13859;13519;340;-17;-14;-3
34;10;1;Bom Fim;11209;11209;0;-8;-8;0
34;10;1;Centro;39478;38991;487;-12;-6;-6
34;10;1;Cidade Baixa;15070;15070;0;-9;-9;0
34;10;1;Farroupilha;946;658;288;-3;-7;4
34;10;1;Floresta;11333;11333;0;-7;-7;0
34;10;1;Independência;8183;7846;337;2;-7;9
34;10;1;Menino Deus;31935;31447;488;44;-1;45
34;10;1;Moinhos de Vento;12070;11731;339;24;-3;27
34;10;1;Praia de Belas;2040;2040;0;-10;-10;0
34;10;1;Rio Branco;17668;17265;403;-24;-10;-14
34;10;1;Santa Cecília;5785;5477;308;4;-7;11
34;10;1;Santana;20913;20462;451;16;-8;24
35;11;1;Azenha;13862;13529;333;3;10;-7
35;11;1;Bom Fim;11216;11216;0;7;7;0
35;11;1;Centro;39455;38994;461;-23;3;-26
35;11;1;Cidade Baixa;15078;15078;0;8;8;0
35;11;1;Farroupilha;960;670;290;14;12;2
35;11;1;Floresta;11340;11340;0;7;7;0
35;11;1;Independência;8200;7854;346;17;8;9
35;11;1;Menino Deus;31956;31455;501;21;8;13
35;11;1;Moinhos de Vento;12075;11736;339;5;5;0
35;11;1;Praia de Belas;2047;2047;0;7;7;0
35;11;1;Rio Branco;17668;17273;395;0;8;-8
35;11;1;Santa Cecília;5789;5493;296;4;16;-12
35;11;1;Santana;20843;20465;378;-70;3;-73
36;12;1;Azenha;13919;13472;447;57;-57;114
36;12;1;Bom Fim;11126;11126;0;-90;-90;0
36;12;1;Centro;39545;38957;588;90;-37;127
36;12;1;Cidade Baixa;15005;15005;0;-73;-73;0
36;12;1;Farroupilha;985;603;382;25;-67;92
36;12;1;Floresta;11281;11281;0;-59;-59;0
36;12;1;Independência;8219;7793;426;19;-61;80
36;12;1;Menino Deus;31962;31399;563;6;-56;62
36;12;1;Moinhos de Vento;12083;11688;395;8;-48;56
36;12;1;Praia de Belas;1993;1993;0;-54;-54;0
36;12;1;Rio Branco;17676;17209;467;8;-64;72
36;12;1;Santa Cecília;5796;5424;372;7;-69;76
36;12;1;Santana;20899;20403;496;56;-62;118
37;13;1;Azenha;13916;13452;464;-3;-20;17
37;13;1;Bom Fim;11108;11108;0;-18;-18;0
37;13;1;Centro;39517;38947;570;-28;-10;-18
37;13;1;Cidade Baixa;14990;14990;0;-15;-15;0
37;13;1;Farroupilha;968;584;384;-17;-19;2
37;13;1;Floresta;11267;11267;0;-14;-14;0
37;13;1;Independência;8216;7778;438;-3;-15;12
37;13;1;Menino Deus;32009;31389;620;47;-10;57
37;13;1;Moinhos de Vento;12085;11675;410;2;-13;15
37;13;1;Praia de Belas;1979;1979;0;-14;-14;0
37;13;1;Rio Branco;17716;17197;519;40;-12;52
37;13;1;Santa Cecília;5800;5404;396;4;-20;24
37;13;1;Santana;20918;20389;529;19;-14;33
38;14;1;Azenha;13947;13451;496;31;-1;32
38;14;1;Bom Fim;11094;11094;0;-14;-14;0
38;14;1;Centro;39545;38941;604;28;-6;34
38;14;1;Cidade Baixa;14981;14981;0;-9;-9;0
38;14;1;Farroupilha;960;574;386;-8;-10;2
38;14;1;Floresta;11255;11255;0;-12;-12;0
38;14;1;Independência;8225;7766;459;9;-12;21
38;14;1;Menino Deus;31983;31380;603;-26;-9;-17
38;14;1;Moinhos de Vento;12111;11669;442;26;-6;32
38;14;1;Praia de Belas;1973;1973;0;-6;-6;0
38;14;1;Rio Branco;17713;17188;525;-3;-9;6
38;14;1;Santa Cecília;5785;5396;389;-15;-8;-7
38;14;1;Santana;20917;20381;536;-1;-8;7
39;15;1;Azenha;13883;13416;467;-64;-35;-29
39;15;1;Bom Fim;11053;11053;0;-41;-41;0
39;15;1;Centro;39730;38932;798;185;-9;194
39;15;1;Cidade Baixa;14942;14942;0;-39;-39;0
39;15;1;Farroupilha;930;539;391;-30;-35;5
39;15;1;Floresta;11225;11225;0;-30;-30;0
39;15;1;Independência;8190;7729;461;-35;-37;2
39;15;1;Menino Deus;32007;31362;645;24;-18;42
39;15;1;Moinhos de Vento;12098;11642;456;-13;-27;14
39;15;1;Praia de Belas;1943;1943;0;-30;-30;0
39;15;1;Rio Branco;17775;17166;609;62;-22;84
39;15;1;Santa Cecília;5775;5365;410;-10;-31;21
39;15;1;Santana;20938;20358;580;21;-23;44
40;16;1;Azenha;13923;13317;606;40;-99;139
40;16;1;Bom Fim;10937;10937;0;-116;-116;0
40;16;1;Centro;39698;38873;825;-32;-59;27
40;16;1;Cidade Baixa;14850;14850;0;-92;-92;0
40;16;1;Farroupilha;922;437;485;-8;-102;94
40;16;1;Floresta;11148;11148;0;-77;-77;0
40;16;1;Independência;8227;7651;576;37;-78;115
40;16;1;Menino Deus;32145;31299;846;138;-63;201
40;16;1;Moinhos de Vento;12143;11581;562;45;-61;106
40;16;1;Praia de Belas;1866;1866;0;-77;-77;0
40;16;1;Rio Branco;17811;17082;729;36;-84;120
40;16;1;Santa Cecília;5759;5263;496;-16;-102;86
40;16;1;Santana;21060;20276;784;122;-82;204
41;17;1;Azenha;13945;13360;585;22;43;-21
41;17;1;Bom Fim;10958;10958;0;21;21;0
41;17;1;Centro;39807;38893;914;109;20;89
41;17;1;Cidade Baixa;14869;14869;0;19;19;0
41;17;1;Farroupilha;948;464;484;26;27;-1
41;17;1;Floresta;11157;11157;0;9;9;0
41;17;1;Independência;8256;7669;587;29;18;11
41;17;1;Menino Deus;32022;31311;711;-123;12;-135
41;17;1;Moinhos de Vento;12173;11599;574;30;18;12
41;17;1;Praia de Belas;1888;1888;0;22;22;0
41;17;1;Rio Branco;17725;17095;630;-86;13;-99
41;17;1;Santa Cecília;5788;5299;489;29;36;-7
41;17;1;Santana;20953;20292;661;-107;16;-123
42;18;1;Azenha;13930;13376;554;-15;16;-31
42;18;1;Bom Fim;10997;10997;0;39;39;0
42;18;1;Centro;39587;38902;685;-220;9;-229
42;18;1;Cidade Baixa;14909;14909;0;40;40;0
42;18;1;Farroupilha;984;500;484;36;36;0
42;18;1;Floresta;11196;11196;0;39;39;0
42;18;1;Independência;8239;7702;537;-17;33;-50
42;18;1;Menino Deus;32057;31337;720;35;26;9
42;18;1;Moinhos de Vento;12123;11618;505;-50;19;-69
42;18;1;Praia de Belas;1914;1914;0;26;26;0
42;18;1;Rio Branco;17775;17127;648;50;32;18
42;18;1;Santa Cecília;5799;5321;478;11;22;-11
42;18;1;Santana;20979;20316;663;26;24;2
43;19;1;Azenha;13940;13391;549;10;15;-5
43;19;1;Bom Fim;11008;11008;0;11;11;0
43;19;1;Centro;39608;38907;701;21;5;16
43;19;1;Cidade Baixa;14917;14917;0;8;8;0
43;19;1;Farroupilha;996;513;483;12;13;-1
43;19;1;Floresta;11202;11202;0;6;6;0
43;19;1;Independência;8246;7709;537;7;7;0
43;19;1;Menino Deus;32028;31342;686;-29;5;-34
43;19;1;Moinhos de Vento;12131;11626;505;8;8;0
43;19;1;Praia de Belas;1924;1924;0;10;10;0
43;19;1;Rio Branco;17745;17133;612;-30;6;-36
43;19;1;Santa Cecília;5805;5336;469;6;15;-9
43;19;1;Santana;20939;20325;614;-40;9;-49
44;20;1;Azenha;13956;13366;590;16;-25;41
44;20;1;Bom Fim;10952;10952;0;-56;-56;0
44;20;1;Centro;39571;38885;686;-37;-22;-15
44;20;1;Cidade Baixa;14887;14887;0;-30;-30;0
44;20;1;Farroupilha;1053;479;574;57;-34;91
44;20;1;Floresta;11167;11167;0;-35;-35;0
44;20;1;Independência;8292;7676;616;46;-33;79
44;20;1;Menino Deus;31978;31314;664;-50;-28;-22
44;20;1;Moinhos de Vento;12183;11603;580;52;-23;75
44;20;1;Praia de Belas;1909;1909;0;-15;-15;0
44;20;1;Rio Branco;17724;17089;635;-21;-44;23
44;20;1;Santa Cecília;5848;5301;547;43;-35;78
44;20;1;Santana;20969;20293;676;30;-32;62
45;21;1;Azenha;13960;13391;569;4;25;-21
45;21;1;Bom Fim;10975;10975;0;23;23;0
45;21;1;Centro;39519;38895;624;-52;10;-62
45;21;1;Cidade Baixa;14911;14911;0;24;24;0
45;21;1;Farroupilha;1075;500;575;22;21;1
45;21;1;Floresta;11183;11183;0;16;16;0
45;21;1;Independência;8290;7693;597;-2;17;-19
45;21;1;Menino Deus;31938;31329;609;-40;15;-55
45;21;1;Moinhos de Vento;12173;11618;555;-10;15;-25
45;21;1;Praia de Belas;1928;1928;0;19;19;0
45;21;1;Rio Branco;17738;17109;629;14;20;-6
45;21;1;Santa Cecília;5861;5323;538;13;22;-9
45;21;1;Santana;20938;20309;629;-31;16;-47
46;22;1;Azenha;13974;13411;563;14;20;-6
46;22;1;Bom Fim;10998;10998;0;23;23;0
46;22;1;Centro;39473;38905;568;-46;10;-56
46;22;1;Cidade Baixa;14930;14930;0;19;19;0
46;22;1;Farroupilha;1100;524;576;25;24;1
46;22;1;Floresta;11202;11202;0;19;19;0
46;22;1;Independência;8293;7712;581;3;19;-16
46;22;1;Menino Deus;31924;31341;583;-14;12;-26
46;22;1;Moinhos de Vento;12159;11631;528;-14;13;-27
46;22;1;Praia de Belas;1944;1944;0;16;16;0
46;22;1;Rio Branco;17725;17126;599;-13;17;-30
46;22;1;Santa Cecília;5874;5345;529;13;22;-9
46;22;1;Santana;20893;20322;571;-45;13;-58
47;23;1;Azenha;13804;13804;0;-170;393;-563
47;23;1;Bom Fim;11593;11593;0;595;595;0
47;23;1;Centro;39154;39154;0;-319;249;-568
47;23;1;Cidade Baixa;15379;15379;0;449;449;0
47;23;1;Farroupilha;961;961;0;-139;437;-576
47;23;1;Floresta;11596;11596;0;394;394;0
47;23;1;Independência;8112;8112;0;-181;400;-581
47;23;1;Menino Deus;31650;31650;0;-274;309;-583
47;23;1;Moinhos de Vento;11937;11937;0;-222;306;-528
47;23;1;Praia de Belas;2281;2281;0;337;337;0
47;23;1;Rio Branco;17531;17531;0;-194;405;-599
47;23;1;Santa Cecília;5768;5768;0;-106;423;-529
47;23;1;Santana;20723;20723;0;-170;401;-571
48;0;2;Azenha;13828;13750;78;24;-54;78
48;0;2;Bom Fim;11509;11509;0;-84;-84;0
48;0;2;Centro;39188;39119;69;34;-35;69
48;0;2;Cidade Baixa;15318;15318;0;-61;-61;0
48;0;2;Farroupilha;989;900;89;28;-61;89
48;0;2;Floresta;11541;11541;0;-55;-55;0
48;0;2;Independência;8143;8057;86;31;-55;86
48;0;2;Menino Deus;31681;31606;75;31;-44;75
48;0;2;Moinhos de Vento;11970;11894;76;33;-43;76
48;0;2;Praia de Belas;2235;2235;0;-46;-46;0
48;0;2;Rio Branco;17554;17472;82;23;-59;82
48;0;2;Santa Cecília;5787;5708;79;19;-60;79
48;0;2;Santana;20746;20666;80;23;-57;80
49;1;2;Azenha;13829;13717;112;1;-33;34
49;1;2;Bom Fim;11474;11474;0;-35;-35;0
49;1;2;Centro;39255;39105;150;67;-14;81
49;1;2;Cidade Baixa;15286;15286;0;-32;-32;0
49;1;2;Farroupilha;956;866;90;-33;-34;1
49;1;2;Floresta;11518;11518;0;-23;-23;0
49;1;2;Independência;8127;8030;97;-16;-27;11
49;1;2;Menino Deus;31743;31587;156;62;-19;81
49;1;2;Moinhos de Vento;11976;11876;100;6;-18;24
49;1;2;Praia de Belas;2208;2208;0;-27;-27;0
49;1;2;Rio Branco;17576;17451;125;22;-21;43
49;1;2;Santa Cecília;5759;5674;85;-28;-34;6
49;1;2;Santana;20782;20642;140;36;-24;60
50;2;2;Azenha;13820;13714;106;-9;-3;-6
50;2;2;Bom Fim;11471;11471;0;-3;-3;0
50;2;2;Centro;39261;39105;156;6;0;6
50;2;2;Cidade Baixa;15284;15284;0;-2;-2;0
50;2;2;Farroupilha;958;866;92;2;0;2
50;2;2;Floresta;11517;11517;0;-1;-1;0
50;2;2;Independência;8124;8027;97;-3;-3;0
50;2;2;Menino Deus;31751;31587;164;8;0;8
50;2;2;Moinhos de Vento;11976;11874;102;0;-2;2
50;2;2;Praia de Belas;2207;2207;0;-1;-1;0
50;2;2;Rio Branco;17578;17449;129;2;-2;4
50;2;2;Santa Cecília;5763;5673;90;4;-1;5
50;2;2;Santana;20779;20641;138;-3;-1;-2
51;3;2;Azenha;13834;13721;113;14;7;7
51;3;2;Bom Fim;11474;11474;0;3;3;0
51;3;2;Centro;39263;39108;155;2;3;-1
51;3;2;Cidade Baixa;15287;15287;0;3;3;0
51;3;2;Farroupilha;962;869;93;4;3;1
51;3;2;Floresta;11518;11518;0;1;1;0
51;3;2;Independência;8133;8030;103;9;3;6
51;3;2;Menino Deus;31728;31588;140;-23;1;-24
51;3;2;Moinhos de Vento;11978;11876;102;2;2;0
51;3;2;Praia de Belas;2210;2210;0;3;3;0
51;3;2;Rio Branco;17568;17449;119;-10;0;-10
51;3;2;Santa Cecília;5767;5679;88;4;6;-2
51;3;2;Santana;20767;20641;126;-12;0;-12
52;4;2;Azenha;13867;13650;217;33;-71;104
52;4;2;Bom Fim;11370;11370;0;-104;-104;0
52;4;2;Centro;39350;39064;286;87;-44;131
52;4;2;Cidade Baixa;15204;15204;0;-83;-83;0
52;4;2;Farroupilha;972;788;184;10;-81;91
52;4;2;Floresta;11445;11445;0;-73;-73;0
52;4;2;Independência;8159;7959;200;26;-71;97
52;4;2;Menino Deus;31765;31529;236;37;-59;96
52;4;2;Moinhos de Vento;12007;11817;190;29;-59;88
52;4;2;Praia de Belas;2149;2149;0;-61;-61;0
52;4;2;Rio Branco;17615;17378;237;47;-71;118
52;4;2;Santa Cecília;5778;5601;177;11;-78;89
52;4;2;Santana;20808;20569;239;41;-72;113
53;5;2;Azenha;13849;13639;210;-18;-11;-7
53;5;2;Bom Fim;11363;11363;0;-7;-7;0
53;5;2;Centro;39353;39060;293;3;-4;7
53;5;2;Cidade Baixa;15196;15196;0;-8;-8;0
53;5;2;Farroupilha;967;781;186;-5;-7;2
53;5;2;Floresta;11440;11440;0;-5;-5;0
53;5;2;Independência;8162;7954;208;3;-5;8
53;5;2;Menino Deus;31816;31527;289;51;-2;53
53;5;2;Moinhos de Vento;12020;11816;204;13;-1;14
53;5;2;Praia de Belas;2141;2141;0;-8;-8;0
53;5;2;Rio Branco;17600;17371;229;-15;-7;-8
53;5;2;Santa Cecília;5779;5597;182;1;-4;5
53;5;2;Santana;20803;20564;239;-5;-5;0
54;6;2;Azenha;13847;13652;195;-2;13;-15
54;6;2;Bom Fim;11376;11376;0;13;13;0
54;6;2;Centro;39321;39066;255;-32;6;-38
54;6;2;Cidade Baixa;15211;15211;0;15;15;0
54;6;2;Farroupilha;981;794;187;14;13;1
54;6;2;Floresta;11451;11451;0;11;11;0
54;6;2;Independência;8159;7965;194;-3;11;-14
54;6;2;Menino Deus;31782;31536;246;-34;9;-43
54;6;2;Moinhos de Vento;12011;11822;189;-9;6;-15
54;6;2;Praia de Belas;2153;2153;0;12;12;0
54;6;2;Rio Branco;17613;17384;229;13;13;0
54;6;2;Santa Cecília;5782;5607;175;3;10;-7
54;6;2;Santana;20802;20575;227;-1;11;-12
55;7;2;Azenha;13863;13635;228;16;-17;33
55;7;2;Bom Fim;11352;11352;0;-24;-24;0
55;7;2;Centro;39353;39055;298;32;-11;43
55;7;2;Cidade Baixa;15191;15191;0;-20;-20;0
55;7;2;Farroupilha;966;777;189;-15;-17;2
55;7;2;Floresta;11435;11435;0;-16;-16;0
55;7;2;Independência;8165;7950;215;6;-15;21
55;7;2;Menino Deus;31802;31522;280;20;-14;34
55;7;2;Moinhos de Vento;12020;11810;210;9;-12;21
55;7;2;Praia de Belas;2138;2138;0;-15;-15;0
55;7;2;Rio Branco;17609;17367;242;-4;-17;13
55;7;2;Santa Cecília;5775;5591;184;-7;-16;9
55;7;2;Santana;20820;20562;258;18;-13;31
56;8;2;Azenha;13884;13536;348;21;-99;120
56;8;2;Bom Fim;11223;11223;0;-129;-129;0
56;8;2;Centro;39501;38998;503;148;-57;205
56;8;2;Cidade Baixa;15079;15079;0;-112;-112;0
56;8;2;Farroupilha;951;670;281;-15;-107;92
56;8;2;Floresta;11343;11343;0;-92;-92;0
56;8;2;Independência;8176;7854;322;11;-96;107
56;8;2;Menino Deus;31922;31451;471;120;-71;191
56;8;2;Moinhos de Vento;12064;11737;327;44;-73;117
56;8;2;Praia de Belas;2050;2050;0;-88;-88;0
56;8;2;Rio Branco;17670;17276;394;61;-91;152
56;8;2;Santa Cecília;5785;5492;293;10;-99;109
56;8;2;Santana;20841;20467;374;21;-95;116
57;9;2;Azenha;13876;13533;343;-8;-3;-5
57;9;2;Bom Fim;11217;11217;0;-6;-6;0
57;9;2;Centro;39490;38997;493;-11;-1;-10
57;9;2;Cidade Baixa;15079;15079;0;0;0;0
57;9;2;Farroupilha;949;665;284;-2;-5;3
57;9;2;Floresta;11340;11340;0;-3;-3;0
57;9;2;Independência;8181;7853;328;5;-1;6
57;9;2;Menino Deus;31891;31448;443;-31;-3;-28
57;9;2;Moinhos de Vento;12046;11734;312;-18;-3;-15
57;9;2;Praia de Belas;2050;2050;0;0;0;0
57;9;2;Rio Branco;17692;17275;417;22;-1;23
57;9;2;Santa Cecília;5781;5484;297;-4;-8;4
57;9;2;Santana;20897;20470;427;56;3;53
58;10;2;Azenha;13859;13519;340;-17;-14;-3
58;10;2;Bom Fim;11209;11209;0;-8;-8;0
58;10;2;Centro;39478;38991;487;-12;-6;-6
58;10;2;Cidade Baixa;15070;15070;0;-9;-9;0
58;10;2;Farroupilha;946;658;288;-3;-7;4
58;10;2;Floresta;11333;11333;0;-7;-7;0
58;10;2;Independência;8183;7846;337;2;-7;9
58;10;2;Menino Deus;31935;31447;488;44;-1;45
58;10;2;Moinhos de Vento;12070;11731;339;24;-3;27
58;10;2;Praia de Belas;2040;2040;0;-10;-10;0
58;10;2;Rio Branco;17668;17265;403;-24;-10;-14
58;10;2;Santa Cecília;5785;5477;308;4;-7;11
58;10;2;Santana;20913;20462;451;16;-8;24
59;11;2;Azenha;13862;13529;333;3;10;-7
59;11;2;Bom Fim;11216;11216;0;7;7;0
59;11;2;Centro;39455;38994;461;-23;3;-26
59;11;2;Cidade Baixa;15078;15078;0;8;8;0
59;11;2;Farroupilha;960;670;290;14;12;2
59;11;2;Floresta;11340;11340;0;7;7;0
59;11;2;Independência;8200;7854;346;17;8;9
59;11;2;Menino Deus;31956;31455;501;21;8;13
59;11;2;Moinhos de Vento;12075;11736;339;5;5;0
59;11;2;Praia de Belas;2047;2047;0;7;7;0
59;11;2;Rio Branco;17668;17273;395;0;8;-8
59;11;2;Santa Cecília;5789;5493;296;4;16;-12
59;11;2;Santana;20843;20465;378;-70;3;-73
60;12;2;Azenha;13919;13472;447;57;-57;114
60;12;2;Bom Fim;11126;11126;0;-90;-90;0
60;12;2;Centro;39545;38957;588;90;-37;127
60;12;2;Cidade Baixa;15005;15005;0;-73;-73;0
60;12;2;Farroupilha;985;603;382;25;-67;92
60;12;2;Floresta;11281;11281;0;-59;-59;0
60;12;2;Independência;8219;7793;426;19;-61;80
60;12;2;Menino Deus;31962;31399;563;6;-56;62
60;12;2;Moinhos de Vento;12083;11688;395;8;-48;56
60;12;2;Praia de Belas;1993;1993;0;-54;-54;0
60;12;2;Rio Branco;17676;17209;467;8;-64;72
60;12;2;Santa Cecília;5796;5424;372;7;-69;76
60;12;2;Santana;20899;20403;496;56;-62;118
61;13;2;Azenha;13916;13452;464;-3;-20;17
61;13;2;Bom Fim;11108;11108;0;-18;-18;0
61;13;2;Centro;39517;38947;570;-28;-10;-18
61;13;2;Cidade Baixa;14990;14990;0;-15;-15;0
61;13;2;Farroupilha;968;584;384;-17;-19;2
61;13;2;Floresta;11267;11267;0;-14;-14;0
61;13;2;Independência;8216;7778;438;-3;-15;12
61;13;2;Menino Deus;32009;31389;620;47;-10;57
61;13;2;Moinhos de Vento;12085;11675;410;2;-13;15
61;13;2;Praia de Belas;1979;1979;0;-14;-14;0
61;13;2;Rio Branco;17716;17197;519;40;-12;52
61;13;2;Santa Cecília;5800;5404;396;4;-20;24
61;13;2;Santana;20918;20389;529;19;-14;33
62;14;2;Azenha;13947;13451;496;31;-1;32
62;14;2;Bom Fim;11094;11094;0;-14;-14;0
62;14;2;Centro;39545;38941;604;28;-6;34
62;14;2;Cidade Baixa;14981;14981;0;-9;-9;0
62;14;2;Farroupilha;960;574;386;-8;-10;2
62;14;2;Floresta;11255;11255;0;-12;-12;0
62;14;2;Independência;8225;7766;459;9;-12;21
62;14;2;Menino Deus;31983;31380;603;-26;-9;-17
62;14;2;Moinhos de Vento;12111;11669;442;26;-6;32
62;14;2;Praia de Belas;1973;1973;0;-6;-6;0
62;14;2;Rio Branco;17713;17188;525;-3;-9;6
62;14;2;Santa Cecília;5785;5396;389;-15;-8;-7
62;14;2;Santana;20917;20381;536;-1;-8;7
63;15;2;Azenha;13883;13416;467;-64;-35;-29
63;15;2;Bom Fim;11053;11053;0;-41;-41;0
63;15;2;Centro;39730;38932;798;185;-9;194
63;15;2;Cidade Baixa;14942;14942;0;-39;-39;0
63;15;2;Farroupilha;930;539;391;-30;-35;5
63;15;2;Floresta;11225;11225;0;-30;-30;0
63;15;2;Independência;8190;7729;461;-35;-37;2
63;15;2;Menino Deus;32007;31362;645;24;-18;42
63;15;2;Moinhos de Vento;12098;11642;456;-13;-27;14
63;15;2;Praia de Belas;1943;1943;0;-30;-30;0
63;15;2;Rio Branco;17775;17166;609;62;-22;84
63;15;2;Santa Cecília;5775;5365;410;-10;-31;21
63;15;2;Santana;20938;20358;580;21;-23;44
64;16;2;Azenha;13923;13317;606;40;-99;139
64;16;2;Bom Fim;10937;10937;0;-116;-116;0
64;16;2;Centro;39698;38873;825;-32;-59;27
64;16;2;Cidade Baixa;14850;14850;0;-92;-92;0
64;16;2;Farroupilha;924;439;485;-6;-100;94
64;16;2;Floresta;11148;11148;0;-77;-77;0
64;16;2;Independência;8226;7651;575;36;-78;114
64;16;2;Menino Deus;32145;31299;846;138;-63;201
64;16;2;Moinhos de Vento;12142;11581;561;44;-61;105
64;16;2;Praia de Belas;1866;1866;0;-77;-77;0
64;16;2;Rio Branco;17811;17082;729;36;-84;120
64;16;2;Santa Cecília;5759;5263;496;-16;-102;86
64;16;2;Santana;21060;20276;784;122;-82;204
65;17;2;Azenha;13945;13360;585;22;43;-21
65;17;2;Bom Fim;10958;10958;0;21;21;0
65;17;2;Centro;39807;38893;914;109;20;89
65;17;2;Cidade Baixa;14869;14869;0;19;19;0
65;17;2;Farroupilha;950;466;484;26;27;-1
65;17;2;Floresta;11157;11157;0;9;9;0
65;17;2;Independência;8255;7669;586;29;18;11
65;17;2;Menino Deus;32022;31311;711;-123;12;-135
65;17;2;Moinhos de Vento;12172;11599;573;30;18;12
65;17;2;Praia de Belas;1888;1888;0;22;22;0
65;17;2;Rio Branco;17725;17095;630;-86;13;-99
65;17;2;Santa Cecília;5788;5299;489;29;36;-7
65;17;2;Santana;20953;20292;661;-107;16;-123
66;18;2;Azenha;13930;13376;554;-15;16;-31
66;18;2;Bom Fim;10997;10997;0;39;39;0
66;18;2;Centro;39587;38902;685;-220;9;-229
66;18;2;Cidade Baixa;14909;14909;0;40;40;0
66;18;2;Farroupilha;986;502;484;36;36;0
66;18;2;Floresta;11196;11196;0;39;39;0
66;18;2;Independência;8238;7702;536;-17;33;-50
66;18;2;Menino Deus;32057;31337;720;35;26;9
66;18;2;Moinhos de Vento;12122;11618;504;-50;19;-69
66;18;2;Praia de Belas;1914;1914;0;26;26;0
66;18;2;Rio Branco;17775;17127;648;50;32;18
66;18;2;Santa Cecília;5799;5321;478;11;22;-11
66;18;2;Santana;20979;20316;663;26;24;2
67;19;2;Azenha;13940;13391;549;10;15;-5
67;19;2;Bom Fim;11008;11008;0;11;11;0
67;19;2;Centro;39608;38907;701;21;5;16
67;19;2;Cidade Baixa;14917;14917;0;8;8;0
67;19;2;Farroupilha;998;515;483;12;13;-1
67;19;2;Floresta;11202;11202;0;6;6;0
67;19;2;Independência;8245;7709;536;7;7;0
67;19;2;Menino Deus;32028;31342;686;-29;5;-34
67;19;2;Moinhos de Vento;12130;11626;504;8;8;0
67;19;2;Praia de Belas;1924;1924;0;10;10;0
67;19;2;Rio Branco;17745;17133;612;-30;6;-36
67;19;2;Santa Cecília;5805;5336;469;6;15;-9
67;19;2;Santana;20939;20325;614;-40;9;-49
68;20;2;Azenha;13956;13366;590;16;-25;41
68;20;2;Bom Fim;10952;10952;0;-56;-56;0
68;20;2;Centro;39571;38885;686;-37;-22;-15
68;20;2;Cidade Baixa;14887;14887;0;-30;-30;0
68;20;2;Farroupilha;1054;480;574;56;-35;91
68;20;2;Floresta;11167;11167;0;-35;-35;0
68;20;2;Independência;8291;7676;615;46;-33;79
68;20;2;Menino Deus;31979;31314;665;-49;-28;-21
68;20;2;Moinhos de Vento;12182;11603;579;52;-23;75
68;20;2;Praia de Belas;1909;1909;0;-15;-15;0
68;20;2;Rio Branco;17724;17089;635;-21;-44;23
68;20;2;Santa Cecília;5848;5301;547;43;-35;78
68;20;2;Santana;20969;20293;676;30;-32;62
69;21;2;Azenha;13960;13391;569;4;25;-21
69;21;2;Bom Fim;10975;10975;0;23;23;0
69;21;2;Centro;39519;38895;624;-52;10;-62
69;21;2;Cidade Baixa;14911;14911;0;24;24;0
69;21;2;Farroupilha;1076;501;575;22;21;1
69;21;2;Floresta;11183;11183;0;16;16;0
69;21;2;Independência;8289;7693;596;-2;17;-19
69;21;2;Menino Deus;31939;31329;610;-40;15;-55
69;21;2;Moinhos de Vento;12172;11618;554;-10;15;-25
69;21;2;Praia de Belas;1928;1928;0;19;19;0
69;21;2;Rio Branco;17738;17109;629;14;20;-6
69;21;2;Santa Cecília;5861;5323;538;13;22;-9
69;21;2;Santana;20938;20309;629;-31;16;-47
70;22;2;Azenha;13974;13411;563;14;20;-6
70;22;2;Bom Fim;10998;10998;0;23;23;0
70;22;2;Centro;39473;38905;568;-46;10;-56
70;22;2;Cidade Baixa;14930;14930;0;19;19;0
70;22;2;Farroupilha;1100;524;576;24;23;1
70;22;2;Floresta;11202;11202;0;19;19;0
70;22;2;Independência;8292;7712;580;3;19;-16
70;22;2;Menino Deus;31925;31341;584;-14;12;-26
70;22;2;Moinhos de Vento;12159;11631;528;-13;13;-26
70;22;2;Praia de Belas;1944;1944;0;16;16;0
70;22;2;Rio Branco;17725;17126;599;-13;17;-30
70;22;2;Santa Cecília;5874;5345;529;13;22;-9
70;22;2;Santana;20893;20322;571;-45;13;-58
71;23;2;Azenha;13804;13804;0;-170;393;-563
71;23;2;Bom Fim;11593;11593;0;595;595;0
71;23;2;Centro;39154;39154;0;-319;249;-568
71;23;2;Cidade Baixa;15379;15379;0;449;449;0
71;23;2;Farroupilha;961;961;0;-139;437;-576
71;23;2;Floresta;11596;11596;0;394;394;0
71;23;2;Independência;8112;8112;0;-180;400;-580
71;23;2;Menino Deus;31650;31650;0;-275;309;-584
71;23;2;Moinhos de Vento;11937;11937;0;-222;306;-528
71;23;2;Praia de Belas;2281;2281;0;337;337;0
71;23;2;Rio Branco;17531;17531;0;-194;405;-599
71;23;2;Santa Cecília;5768;5768;0;-106;423;-529
71;23;2;Santana;20723;20723;0;-170;401;-571
72;0;3;Azenha;13828;13750;78;24;-54;78
72;0;3;Bom Fim;11509;11509;0;-84;-84;0
72;0;3;Centro;39188;39119;69;34;-35;69
72;0;3;Cidade Baixa;15318;15318;0;-61;-61;0
72;0;3;Farroupilha;989;900;89;28;-61;89
72;0;3;Floresta;11541;11541;0;-55;-55;0
72;0;3;Independência;8143;8057;86;31;-55;86
72;0;3;Menino Deus;31681;31606;75;31;-44;75
72;0;3;Moinhos de Vento;11970;11894;76;33;-43;76
72;0;3;Praia de Belas;2235;2235;0;-46;-46;0
72;0;3;Rio Branco;17554;17472;82;23;-59;82
72;0;3;Santa Cecília;5787;5708;79;19;-60;79
72;0;3;Santana;20746;20666;80;23;-57;80
73;1;3;Azenha;13829;13717;112;1;-33;34
73;1;3;Bom Fim;11474;11474;0;-35;-35;0
73;1;3;Centro;39255;39105;150;67;-14;81
73;1;3;Cidade Baixa;15286;15286;0;-32;-32;0
73;1;3;Farroupilha;956;866;90;-33;-34;1
73;1;3;Floresta;11518;11518;0;-23;-23;0
73;1;3;Independência;8127;8030;97;-16;-27;11
73;1;3;Menino Deus;31743;31587;156;62;-19;81
73;1;3;Moinhos de Vento;11976;11876;100;6;-18;24
73;1;3;Praia de Belas;2208;2208;0;-27;-27;0
73;1;3;Rio Branco;17576;17451;125;22;-21;43
73;1;3;Santa Cecília;5759;5674;85;-28;-34;6
73;1;3;Santana;20782;20642;140;36;-24;60
74;2;3;Azenha;13820;13714;106;-9;-3;-6
74;2;3;Bom Fim;11471;11471;0;-3;-3;0
74;2;3;Centro;39261;39105;156;6;0;6
74;2;3;Cidade Baixa;15284;15284;0;-2;-2;0
74;2;3;Farroupilha;958;866;92;2;0;2
74;2;3;Floresta;11517;11517;0;-1;-1;0
74;2;3;Independência;8124;8027;97;-3;-3;0
74;2;3;Menino Deus;31751;31587;164;8;0;8
74;2;3;Moinhos de Vento;11976;11874;102;0;-2;2
74;2;3;Praia de Belas;2207;2207;0;-1;-1;0
74;2;3;Rio Branco;17578;17449;129;2;-2;4
74;2;3;Santa Cecília;5763;5673;90;4;-1;5
74;2;3;Santana;20779;20641;138;-3;-1;-2
75;3;3;Azenha;13834;13721;113;14;7;7
75;3;3;Bom Fim;11474;11474;0;3;3;0
75;3;3;Centro;39263;39108;155;2;3;-1
75;3;3;Cidade Baixa;15287;15287;0;3;3;0
75;3;3;Farroupilha;962;869;93;4;3;1
75;3;3;Floresta;11518;11518;0;1;1;0
75;3;3;Independência;8133;8030;103;9;3;6
75;3;3;Menino Deus;31728;31588;140;-23;1;-24
75;3;3;Moinhos de Vento;11978;11876;102;2;2;0
75;3;3;Praia de Belas;2210;2210;0;3;3;0
75;3;3;Rio Branco;17568;17449;119;-10;0;-10
75;3;3;Santa Cecília;5767;5679;88;4;6;-2
75;3;3;Santana;20767;20641;126;-12;0;-12
76;4;3;Azenha;13867;13650;217;33;-71;104
76;4;3;Bom Fim;11370;11370;0;-104;-104;0
76;4;3;Centro;39350;39064;286;87;-44;131
76;4;3;Cidade Baixa;15204;15204;0;-83;-83;0
76;4;3;Farroupilha;972;788;184;10;-81;91
76;4;3;Floresta;11445;11445;0;-73;-73;0
76;4;3;Independência;8159;7959;200;26;-71;97
76;4;3;Menino Deus;31765;31529;236;37;-59;96
76;4;3;Moinhos de Vento;12007;11817;190;29;-59;88
76;4;3;Praia de Belas;2149;2149;0;-61;-61;0
76;4;3;Rio Branco;17615;17378;237;47;-71;118
76;4;3;Santa Cecília;5778;5601;177;11;-78;89
76;4;3;Santana;20808;20569;239;41;-72;113
77;5;3;Azenha;13849;13639;210;-18;-11;-7
77;5;3;Bom Fim;11363;11363;0;-7;-7;0
77;5;3;Centro;39353;39060;293;3;-4;7
77;5;3;Cidade Baixa;15196;15196;0;-8;-8;0
77;5;3;Farroupilha;967;781;186;-5;-7;2
77;5;3;Floresta;11440;11440;0;-5;-5;0
77;5;3;Independência;8162;7954;208;3;-5;8
77;5;3;Menino Deus;31816;31527;289;51;-2;53
77;5;3;Moinhos de Vento;12020;11816;204;13;-1;14
77;5;3;Praia de Belas;2141;2141;0;-8;-8;0
77;5;3;Rio Branco;17600;17371;229;-15;-7;-8
77;5;3;Santa Cecília;5779;5597;182;1;-4;5
77;5;3;Santana;20803;20564;239;-5;-5;0
78;6;3;Azenha;13847;13652;195;-2;13;-15
78;6;3;Bom Fim;11376;11376;0;13;13;0
78;6;3;Centro;39321;39066;255;-32;6;-38
78;6;3;Cidade Baixa;15211;15211;0;15;15;0
78;6;3;Farroupilha;981;794;187;14;13;1
78;6;3;Floresta;11451;11451;0;11;11;0
78;6;3;Independência;8159;7965;194;-3;11;-14
78;6;3;Menino Deus;31782;31536;246;-34;9;-43
78;6;3;Moinhos de Vento;12011;11822;189;-9;6;-15
78;6;3;Praia de Belas;2153;2153;0;12;12;0
78;6;3;Rio Branco;17613;17384;229;13;13;0
78;6;3;Santa Cecília;5782;5607;175;3;10;-7
78;6;3;Santana;20802;20575;227;-1;11;-12
79;7;3;Azenha;13863;13635;228;16;-17;33
79;7;3;Bom Fim;11352;11352;0;-24;-24;0
79;7;3;Centro;39353;39055;298;32;-11;43
79;7;3;Cidade Baixa;15191;15191;0;-20;-20;0
79;7;3;Farroupilha;966;777;189;-15;-17;2
79;7;3;Floresta;11435;11435;0;-16;-16;0
79;7;3;Independência;8165;7950;215;6;-15;21
79;7;3;Menino Deus;31802;31522;280;20;-14;34
79;7;3;Moinhos de Vento;12020;11810;210;9;-12;21
79;7;3;Praia de Belas;2138;2138;0;-15;-15;0
79;7;3;Rio Branco;17609;17367;242;-4;-17;13
79;7;3;Santa Cecília;5775;5591;184;-7;-16;9
79;7;3;Santana;20820;20562;258;18;-13;31
80;8;3;Azenha;13884;13536;348;21;-99;120
80;8;3;Bom Fim;11223;11223;0;-129;-129;0
80;8;3;Centro;39501;38998;503;148;-57;205
80;8;3;Cidade Baixa;15079;15079;0;-112;-112;0
80;8;3;Farroupilha;951;670;281;-15;-107;92
80;8;3;Floresta;11343;11343;0;-92;-92;0
80;8;3;Independência;8176;7854;322;11;-96;107
80;8;3;Menino Deus;31922;31451;471;120;-71;191
80;8;3;Moinhos de Vento;12064;11737;327;44;-73;117
80;8;3;Praia de Belas;2050;2050;0;-88;-88;0
80;8;3;Rio Branco;17670;17276;394;61;-91;152
80;8;3;Santa Cecília;5785;5492;293;10;-99;109
80;8;3;Santana;20841;20467;374;21;-95;116
81;9;3;Azenha;13876;13533;343;-8;-3;-5
81;9;3;Bom Fim;11217;11217;0;-6;-6;0
81;9;3;Centro;39490;38997;493;-11;-1;-10
81;9;3;Cidade Baixa;15079;15079;0;0;0;0
81;9;3;Farroupilha;949;665;284;-2;-5;3
81;9;3;Floresta;11340;11340;0;-3;-3;0
81;9;3;Independência;8181;7853;328;5;-1;6
81;9;3;Menino Deus;31891;31448;443;-31;-3;-28
81;9;3;Moinhos de Vento;12046;11734;312;-18;-3;-15
81;9;3;Praia de Belas;2050;2050;0;0;0;0
81;9;3;Rio Branco;17692;17275;417;22;-1;23
81;9;3;Santa Cecília;5781;5484;297;-4;-8;4
81;9;3;Santana;20897;20470;427;56;3;53
82;10;3;Azenha;13859;13519;340;-17;-14;-3
82;10;3;Bom Fim;11209;11209;0;-8;-8;0
82;10;3;Centro;39478;38991;487;-12;-6;-6
82;10;3;Cidade Baixa;15070;15070;0;-9;-9;0
82;10;3;Farroupilha;946;658;288;-3;-7;4
82;10;3;Floresta;11333;11333;0;-7;-7;0
82;10;3;Independência;8183;7846;337;2;-7;9
82;10;3;Menino Deus;31935;31447;488;44;-1;45
82;10;3;Moinhos de Vento;12070;11731;339;24;-3;27
82;10;3;Praia de Belas;2040;2040;0;-10;-10;0
82;10;3;Rio Branco;17668;17265;403;-24;-10;-14
82;10;3;Santa Cecília;5785;5477;308;4;-7;11
82;10;3;Santana;20913;20462;451;16;-8;24
83;11;3;Azenha;13862;13529;333;3;10;-7
83;11;3;Bom Fim;11216;11216;0;7;7;0
83;11;3;Centro;39455;38994;461;-23;3;-26
83;11;3;Cidade Baixa;15078;15078;0;8;8;0
83;11;3;Farroupilha;960;670;290;14;12;2
83;11;3;Floresta;11340;11340;0;7;7;0
83;11;3;Independência;8200;7854;346;17;8;9
83;11;3;Menino Deus;31956;31455;501;21;8;13
83;11;3;Moinhos de Vento;12075;11736;339;5;5;0
83;11;3;Praia de Belas;2047;2047;0;7;7;0
83;11;3;Rio Branco;17668;17273;395;0;8;-8
83;11;3;Santa Cecília;5789;5493;296;4;16;-12
83;11;3;Santana;20843;20465;378;-70;3;-73
84;12;3;Azenha;13919;13472;447;57;-57;114
84;12;3;Bom Fim;11126;11126;0;-90;-90;0
84;12;3;Centro;39545;38957;588;90;-37;127
84;12;3;Cidade Baixa;15005;15005;0;-73;-73;0
84;12;3;Farroupilha;985;603;382;25;-67;92
84;12;3;Floresta;11281;11281;0;-59;-59;0
84;12;3;Independência;8219;7793;426;19;-61;80
84;12;3;Menino Deus;31962;31399;563;6;-56;62
84;12;3;Moinhos de Vento;12083;11688;395;8;-48;56
84;12;3;Praia de Belas;1993;1993;0;-54;-54;0
84;12;3;Rio Branco;17676;17209;467;8;-64;72
84;12;3;Santa Cecília;5796;5424;372;7;-69;76
84;12;3;Santana;20899;20403;496;56;-62;118
85;13;3;Azenha;13916;13452;464;-3;-20;17
85;13;3;Bom Fim;11108;11108;0;-18;-18;0
85;13;3;Centro;39517;38947;570;-28;-10;-18
85;13;3;Cidade Baixa;14990;14990;0;-15;-15;0
85;13;3;Farroupilha;968;584;384;-17;-19;2
85;13;3;Floresta;11267;11267;0;-14;-14;0
85;13;3;Independência;8216;7778;438;-3;-15;12
85;13;3;Menino Deus;32009;31389;620;47;-10;57
85;13;3;Moinhos de Vento;12085;11675;410;2;-13;15
85;13;3;Praia de Belas;1979;1979;0;-14;-14;0
85;13;3;Rio Branco;17716;17197;519;40;-12;52
85;13;3;Santa Cecília;5800;5404;396;4;-20;24
85;13;3;Santana;20918;20389;529;19;-14;33
86;14;3;Azenha;13947;13451;496;31;-1;32
86;14;3;Bom Fim;11094;11094;0;-14;-14;0
86;14;3;Centro;39545;38941;604;28;-6;34
86;14;3;Cidade Baixa;14981;14981;0;-9;-9;0
86;14;3;Farroupilha;960;574;386;-8;-10;2
86;14;3;Floresta;11255;11255;0;-12;-12;0
86;14;3;Independência;8225;7766;459;9;-12;21
86;14;3;Menino Deus;31983;31380;603;-26;-9;-17
86;14;3;Moinhos de Vento;12111;11669;442;26;-6;32
86;14;3;Praia de Belas;1973;1973;0;-6;-6;0
86;14;3;Rio Branco;17713;17188;525;-3;-9;6
86;14;3;Santa Cecília;5785;5396;389;-15;-8;-7
86;14;3;Santana;20917;20381;536;-1;-8;7
87;15;3;Azenha;13883;13416;467;-64;-35;-29
87;15;3;Bom Fim;11053;11053;0;-41;-41;0
87;15;3;Centro;39730;38932;798;185;-9;194
87;15;3;Cidade Baixa;14942;14942;0;-39;-39;0
87;15;3;Farroupilha;930;539;391;-30;-35;5
87;15;3;Floresta;11225;11225;0;-30;-30;0
87;15;3;Independência;8190;7729;461;-35;-37;2
87;15;3;Menino Deus;32007;31362;645;24;-18;42
87;15;3;Moinhos de Vento;12098;11642;456;-13;-27;14
87;15;3;Praia de Belas;1943;1943;0;-30;-30;0
87;15;3;Rio Branco;17775;17166;609;62;-22;84
87;15;3;Santa Cecília;5775;5365;410;-10;-31;21
87;15;3;Santana;20938;20358;580;21;-23;44
88;16;3;Azenha;13923;13317;606;40;-99;139
88;16;3;Bom Fim;10937;10937;0;-116;-116;0
88;16;3;Centro;39698;38873;825;-32;-59;27
88;16;3;Cidade Baixa;14850;14850;0;-92;-92;0
88;16;3;Farroupilha;921;436;485;-9;-103;94
88;16;3;Floresta;11148;11148;0;-77;-77;0
88;16;3;Independência;8227;7651;576;37;-78;115
88;16;3;Menino Deus;32145;31299;846;138;-63;201
88;16;3;Moinhos de Vento;12143;11581;562;45;-61;106
88;16;3;Praia de Belas;1866;1866;0;-77;-77;0
88;16;3;Rio Branco;17812;17082;730;37;-84;121
88;16;3;Santa Cecília;5759;5263;496;-16;-102;86
88;16;3;Santana;21060;20276;784;122;-82;204
89;17;3;Azenha;13945;13360;585;22;43;-21
89;17;3;Bom Fim;10958;10958;0;21;21;0
89;17;3;Centro;39807;38893;914;109;20;89
89;17;3;Cidade Baixa;14869;14869;0;19;19;0
89;17;3;Farroupilha;947;463;484;26;27;-1
89;17;3;Floresta;11157;11157;0;9;9;0
89;17;3;Independência;8256;7669;587;29;18;11
89;17;3;Menino Deus;32022;31311;711;-123;12;-135
89;17;3;Moinhos de Vento;12173;11599;574;30;18;12
89;17;3;Praia de Belas;1888;1888;0;22;22;0
89;17;3;Rio Branco;17726;17095;631;-86;13;-99
89;17;3;Santa Cecília;5788;5299;489;29;36;-7
89;17;3;Santana;20953;20292;661;-107;16;-123
90;18;3;Azenha;13930;13376;554;-15;16;-31
90;18;3;Bom Fim;10997;10997;0;39;39;0
90;18;3;Centro;39587;38902;685;-220;9;-229
90;18;3;Cidade Baixa;14909;14909;0;40;40;0
90;18;3;Farroupilha;984;500;484;37;37;0
90;18;3;Floresta;11196;11196;0;39;39;0
90;18;3;Independência;8239;7702;537;-17;33;-50
90;18;3;Menino Deus;32057;31337;720;35;26;9
90;18;3;Moinhos de Vento;12123;11618;505;-50;19;-69
90;18;3;Praia de Belas;1914;1914;0;26;26;0
90;18;3;Rio Branco;17775;17127;648;49;32;17
90;18;3;Santa Cecília;5799;5321;478;11;22;-11
90;18;3;Santana;20979;20316;663;26;24;2
91;19;3;Azenha;13940;13391;549;10;15;-5
91;19;3;Bom Fim;11008;11008;0;11;11;0
91;19;3;Centro;39608;38907;701;21;5;16
91;19;3;Cidade Baixa;14917;14917;0;8;8;0
91;19;3;Farroupilha;996;513;483;12;13;-1
91;19;3;Floresta;11202;11202;0;6;6;0
91;19;3;Independência;8246;7709;537;7;7;0
91;19;3;Menino Deus;32028;31342;686;-29;5;-34
91;19;3;Moinhos de Vento;12131;11626;505;8;8;0
91;19;3;Praia de Belas;1924;1924;0;10;10;0
91;19;3;Rio Branco;17745;17133;612;-30;6;-36
91;19;3;Santa Cecília;5805;5336;469;6;15;-9
91;19;3;Santana;20939;20325;614;-40;9;-49
92;20;3;Azenha;13956;13366;590;16;-25;41
92;20;3;Bom Fim;10952;10952;0;-56;-56;0
92;20;3;Centro;39571;38885;686;-37;-22;-15
92;20;3;Cidade Baixa;14887;14887;0;-30;-30;0
92;20;3;Farroupilha;1057;483;574;61;-30;91
92;20;3;Floresta;11167;11167;0;-35;-35;0
92;20;3;Independência;8292;7676;616;46;-33;79
92;20;3;Menino Deus;31979;31314;665;-49;-28;-21
92;20;3;Moinhos de Vento;12183;11603;580;52;-23;75
92;20;3;Praia de Belas;1909;1909;0;-15;-15;0
92;20;3;Rio Branco;17724;17089;635;-21;-44;23
92;20;3;Santa Cecília;5848;5301;547;43;-35;78
92;20;3;Santana;20964;20293;671;25;-32;57
93;21;3;Azenha;13960;13391;569;4;25;-21
93;21;3;Bom Fim;10975;10975;0;23;23;0
93;21;3;Centro;39519;38895;624;-52;10;-62
93;21;3;Cidade Baixa;14911;14911;0;24;24;0
93;21;3;Farroupilha;1078;503;575;21;20;1
93;21;3;Floresta;11183;11183;0;16;16;0
93;21;3;Independência;8290;7693;597;-2;17;-19
93;21;3;Menino Deus;31939;31329;610;-40;15;-55
93;21;3;Moinhos de Vento;12173;11618;555;-10;15;-25
93;21;3;Praia de Belas;1928;1928;0;19;19;0
93;21;3;Rio Branco;17738;17109;629;14;20;-6
93;21;3;Santa Cecília;5861;5323;538;13;22;-9
93;21;3;Santana;20934;20309;625;-30;16;-46
94;22;3;Azenha;13974;13411;563;14;20;-6
94;22;3;Bom Fim;10998;10998;0;23;23;0
94;22;3;Centro;39473;38905;568;-46;10;-56
94;22;3;Cidade Baixa;14930;14930;0;19;19;0
94;22;3;Farroupilha;1103;527;576;25;24;1
94;22;3;Floresta;11202;11202;0;19;19;0
94;22;3;Independência;8293;7712;581;3;19;-16
94;22;3;Menino Deus;31925;31341;584;-14;12;-26
94;22;3;Moinhos de Vento;12159;11631;528;-14;13;-27
94;22;3;Praia de Belas;1944;1944;0;16;16;0
94;22;3;Rio Branco;17725;17126;599;-13;17;-30
94;22;3;Santa Cecília;5874;5345;529;13;22;-9
94;22;3;Santana;20889;20322;567;-45;13;-58
95;23;3;Azenha;13804;13804;0;-170;393;-563
95;23;3;Bom Fim;11593;11593;0;595;595;0
95;23;3;Centro;39154;39154;0;-319;249;-568
95;23;3;Cidade Baixa;15379;15379;0;449;449;0
95;23;3;Farroupilha;961;961;0;-142;434;-576
95;23;3;Floresta;11596;11596;0;394;394;0
95;23;3;Independência;8112;8112;0;-181;400;-581
95;23;3;Menino Deus;31650;31650;0;-275;309;-584
95;23;3;Moinhos de Vento;11937;11937;0;-222;306;-528
95;23;3;Praia de Belas;2281;2281;0;337;337;0
95;23;3;Rio Branco;17531;17531;0;-194;405;-599
95;23;3;Santa Cecília;5768;5768;0;-106;423;-529
95;23;3;Santana;20723;20723;0;-166;401;-567
96;0;4;Azenha;13828;13750;78;24;-54;78
96;0;4;Bom Fim;11509;11509;0;-84;-84;0
96;0;4;Centro;39188;39119;69;34;-35;69
96;0;4;Cidade Baixa;15318;15318;0;-61;-61;0
96;0;4;Farroupilha;989;900;89;28;-61;89
96;0;4;Floresta;11541;11541;0;-55;-55;0
96;0;4;Independência;8143;8057;86;31;-55;86
96;0;4;Menino Deus;31681;31606;75;31;-44;75
96;0;4;Moinhos de Vento;11970;11894;76;33;-43;76
96;0;4;Praia de Belas;2235;2235;0;-46;-46;0
96;0;4;Rio Branco;17554;17472;82;23;-59;82
96;0;4;Santa Cecília;5787;5708;79;19;-60;79
96;0;4;Santana;20746;20666;80;23;-57;80
97;1;4;Azenha;13829;13717;112;1;-33;34
97;1;4;Bom Fim;11474;11474;0;-35;-35;0
97;1;4;Centro;39255;39105;150;67;-14;81
97;1;4;Cidade Baixa;15286;15286;0;-32;-32;0
97;1;4;Farroupilha;956;866;90;-33;-34;1
97;1;4;Floresta;11518;11518;0;-23;-23;0
97;1;4;Independência;8127;8030;97;-16;-27;11
97;1;4;Menino Deus;31743;31587;156;62;-19;81
97;1;4;Moinhos de Vento;11976;11876;100;6;-18;24
97;1;4;Praia de Belas;2208;2208;0;-27;-27;0
97;1;4;Rio Branco;17576;17451;125;22;-21;43
97;1;4;Santa Cecília;5759;5674;85;-28;-34;6
97;1;4;Santana;20782;20642;140;36;-24;60
98;2;4;Azenha;13820;13714;106;-9;-3;-6
98;2;4;Bom Fim;11471;11471;0;-3;-3;0
98;2;4;Centro;39261;39105;156;6;0;6
98;2;4;Cidade Baixa;15284;15284;0;-2;-2;0
98;2;4;Farroupilha;958;866;92;2;0;2
98;2;4;Floresta;11517;11517;0;-1;-1;0
98;2;4;Independência;8124;8027;97;-3;-3;0
98;2;4;Menino Deus;31751;31587;164;8;0;8
98;2;4;Moinhos de Vento;11976;11874;102;0;-2;2
98;2;4;Praia de Belas;2207;2207;0;-1;-1;0
98;2;4;Rio Branco;17578;17449;129;2;-2;4
98;2;4;Santa Cecília;5763;5673;90;4;-1;5
98;2;4;Santana;20779;20641;138;-3;-1;-2
99;3;4;Azenha;13834;13721;113;14;7;7
99;3;4;Bom Fim;11474;11474;0;3;3;0
99;3;4;Centro;39263;39108;155;2;3;-1
99;3;4;Cidade Baixa;15287;15287;0;3;3;0
99;3;4;Farroupilha;962;869;93;4;3;1
99;3;4;Floresta;11518;11518;0;1;1;0
99;3;4;Independência;8133;8030;103;9;3;6
99;3;4;Menino Deus;31728;31588;140;-23;1;-24
99;3;4;Moinhos de Vento;11978;11876;102;2;2;0
99;3;4;Praia de Belas;2210;2210;0;3;3;0
99;3;4;Rio Branco;17568;17449;119;-10;0;-10
99;3;4;Santa Cecília;5767;5679;88;4;6;-2
99;3;4;Santana;20767;20641;126;-12;0;-12
100;4;4;Azenha;13867;13650;217;33;-71;104
100;4;4;Bom Fim;11370;11370;0;-104;-104;0
100;4;4;Centro;39350;39064;286;87;-44;131
100;4;4;Cidade Baixa;15204;15204;0;-83;-83;0
100;4;4;Farroupilha;972;788;184;10;-81;91
100;4;4;Floresta;11445;11445;0;-73;-73;0
100;4;4;Independência;8159;7959;200;26;-71;97
100;4;4;Menino Deus;31765;31529;236;37;-59;96
100;4;4;Moinhos de Vento;12007;11817;190;29;-59;88
100;4;4;Praia de Belas;2149;2149;0;-61;-61;0
100;4;4;Rio Branco;17615;17378;237;47;-71;118
100;4;4;Santa Cecília;5778;5601;177;11;-78;89
100;4;4;Santana;20808;20569;239;41;-72;113
101;5;4;Azenha;13849;13639;210;-18;-11;-7
101;5;4;Bom Fim;11363;11363;0;-7;-7;0
101;5;4;Centro;39353;39060;293;3;-4;7
101;5;4;Cidade Baixa;15196;15196;0;-8;-8;0
101;5;4;Farroupilha;967;781;186;-5;-7;2
101;5;4;Floresta;11440;11440;0;-5;-5;0
101;5;4;Independência;8162;7954;208;3;-5;8
101;5;4;Menino Deus;31816;31527;289;51;-2;53
101;5;4;Moinhos de Vento;12020;11816;204;13;-1;14
101;5;4;Praia de Belas;2141;2141;0;-8;-8;0
101;5;4;Rio Branco;17600;17371;229;-15;-7;-8
101;5;4;Santa Cecília;5779;5597;182;1;-4;5
101;5;4;Santana;20803;20564;239;-5;-5;0
102;6;4;Azenha;13847;13652;195;-2;13;-15
102;6;4;Bom Fim;11376;11376;0;13;13;0
102;6;4;Centro;39321;39066;255;-32;6;-38
102;6;4;Cidade Baixa;15211;15211;0;15;15;0
102;6;4;Farroupilha;981;794;187;14;13;1
102;6;4;Floresta;11451;11451;0;11;11;0
102;6;4;Independência;8159;7965;194;-3;11;-14
102;6;4;Menino Deus;31782;31536;246;-34;9;-43
102;6;4;Moinhos de Vento;12011;11822;189;-9;6;-15
102;6;4;Praia de Belas;2153;2153;0;12;12;0
102;6;4;Rio Branco;17613;17384;229;13;13;0
102;6;4;Santa Cecília;5782;5607;175;3;10;-7
102;6;4;Santana;20802;20575;227;-1;11;-12
103;7;4;Azenha;13863;13635;228;16;-17;33
103;7;4;Bom Fim;11352;11352;0;-24;-24;0
103;7;4;Centro;39353;39055;298;32;-11;43
103;7;4;Cidade Baixa;15191;15191;0;-20;-20;0
103;7;4;Farroupilha;966;777;189;-15;-17;2
103;7;4;Floresta;11435;11435;0;-16;-16;0
103;7;4;Independência;8165;7950;215;6;-15;21
103;7;4;Menino Deus;31802;31522;280;20;-14;34
103;7;4;Moinhos de Vento;12020;11810;210;9;-12;21
103;7;4;Praia de Belas;2138;2138;0;-15;-15;0
103;7;4;Rio Branco;17609;17367;242;-4;-17;13
103;7;4;Santa Cecília;5775;5591;184;-7;-16;9
103;7;4;Santana;20820;20562;258;18;-13;31
104;8;4;Azenha;13884;13536;348;21;-99;120
104;8;4;Bom Fim;11223;11223;0;-129;-129;0
104;8;4;Centro;39501;38998;503;148;-57;205
104;8;4;Cidade Baixa;15079;15079;0;-112;-112;0
104;8;4;Farroupilha;951;670;281;-15;-107;92
104;8;4;Floresta;11343;11343;0;-92;-92;0
104;8;4;Independência;8176;7854;322;11;-96;107
104;8;4;Menino Deus;31922;31451;471;120;-71;191
104;8;4;Moinhos de Vento;12064;11737;327;44;-73;117
104;8;4;Praia de Belas;2050;2050;0;-88;-88;0
104;8;4;Rio Branco;17670;17276;394;61;-91;152
104;8;4;Santa Cecília;5785;5492;293;10;-99;109
104;8;4;Santana;20841;20467;374;21;-95;116
105;9;4;Azenha;13876;13533;343;-8;-3;-5
105;9;4;Bom Fim;11217;11217;0;-6;-6;0
105;9;4;Centro;39490;38997;493;-11;-1;-10
105;9;4;Cidade Baixa;15079;15079;0;0;0;0
105;9;4;Farroupilha;949;665;284;-2;-5;3
105;9;4;Floresta;11340;11340;0;-3;-3;0
105;9;4;Independência;8181;7853;328;5;-1;6
105;9;4;Menino Deus;31891;31448;443;-31;-3;-28
105;9;4;Moinhos de Vento;12046;11734;312;-18;-3;-15
105;9;4;Praia de Belas;2050;2050;0;0;0;0
105;9;4;Rio Branco;17692;17275;417;22;-1;23
105;9;4;Santa Cecília;5781;5484;297;-4;-8;4
105;9;4;Santana;20897;20470;427;56;3;53
106;10;4;Azenha;13859;13519;340;-17;-14;-3
106;10;4;Bom Fim;11209;11209;0;-8;-8;0
106;10;4;Centro;39478;38991;487;-12;-6;-6
106;10;4;Cidade Baixa;15070;15070;0;-9;-9;0
106;10;4;Farroupilha;946;658;288;-3;-7;4
106;10;4;Floresta;11333;11333;0;-7;-7;0
106;10;4;Independência;8183;7846;337;2;-7;9
106;10;4;Menino Deus;31935;31447;488;44;-1;45
106;10;4;Moinhos de Vento;12070;11731;339;24;-3;27
106;10;4;Praia de Belas;2040;2040;0;-10;-10;0
106;10;4;Rio Branco;17668;17265;403;-24;-10;-14
106;10;4;Santa Cecília;5785;5477;308;4;-7;11
106;10;4;Santana;20913;20462;451;16;-8;24
107;11;4;Azenha;13862;13529;333;3;10;-7
107;11;4;Bom Fim;11216;11216;0;7;7;0
107;11;4;Centro;39455;38994;461;-23;3;-26
107;11;4;Cidade Baixa;15078;15078;0;8;8;0
107;11;4;Farroupilha;960;670;290;14;12;2
107;11;4;Floresta;11340;11340;0;7;7;0
107;11;4;Independência;8200;7854;346;17;8;9
107;11;4;Menino Deus;31956;31455;501;21;8;13
107;11;4;Moinhos de Vento;12075;11736;339;5;5;0
107;11;4;Praia de Belas;2047;2047;0;7;7;0
107;11;4;Rio Branco;17668;17273;395;0;8;-8
107;11;4;Santa Cecília;5789;5493;296;4;16;-12
107;11;4;Santana;20843;20465;378;-70;3;-73
108;12;4;Azenha;13919;13472;447;57;-57;114
108;12;4;Bom Fim;11126;11126;0;-90;-90;0
108;12;4;Centro;39545;38957;588;90;-37;127
108;12;4;Cidade Baixa;15005;15005;0;-73;-73;0
108;12;4;Farroupilha;985;603;382;25;-67;92
108;12;4;Floresta;11281;11281;0;-59;-59;0
108;12;4;Independência;8219;7793;426;19;-61;80
108;12;4;Menino Deus;31962;31399;563;6;-56;62
108;12;4;Moinhos de Vento;12083;11688;395;8;-48;56
108;12;4;Praia de Belas;1993;1993;0;-54;-54;0
108;12;4;Rio Branco;17676;17209;467;8;-64;72
108;12;4;Santa Cecília;5796;5424;372;7;-69;76
108;12;4;Santana;20899;20403;496;56;-62;118
109;13;4;Azenha;13916;13452;464;-3;-20;17
109;13;4;Bom Fim;11108;11108;0;-18;-18;0
109;13;4;Centro;39517;38947;570;-28;-10;-18
109;13;4;Cidade Baixa;14990;14990;0;-15;-15;0
109;13;4;Farroupilha;968;584;384;-17;-19;2
109;13;4;Floresta;11267;11267;0;-14;-14;0
109;13;4;Independência;8216;7778;438;-3;-15;12
109;13;4;Menino Deus;32009;31389;620;47;-10;57
109;13;4;Moinhos de Vento;12085;11675;410;2;-13;15
109;13;4;Praia de Belas;1979;1979;0;-14;-14;0
109;13;4;Rio Branco;17716;17197;519;40;-12;52
109;13;4;Santa Cecília;5800;5404;396;4;-20;24
109;13;4;Santana;20918;20389;529;19;-14;33
110;14;4;Azenha;13947;13451;496;31;-1;32
110;14;4;Bom Fim;11094;11094;0;-14;-14;0
110;14;4;Centro;39545;38941;604;28;-6;34
110;14;4;Cidade Baixa;14981;14981;0;-9;-9;0
110;14;4;Farroupilha;960;574;386;-8;-10;2
110;14;4;Floresta;11255;11255;0;-12;-12;0
110;14;4;Independência;8225;7766;459;9;-12;21
110;14;4;Menino Deus;31983;31380;603;-26;-9;-17
110;14;4;Moinhos de Vento;12111;11669;442;26;-6;32
110;14;4;Praia de Belas;1973;1973;0;-6;-6;0
110;14;4;Rio Branco;17713;17188;525;-3;-9;6
110;14;4;Santa Cecília;5785;5396;389;-15;-8;-7
110;14;4;Santana;20917;20381;536;-1;-8;7
111;15;4;Azenha;13883;13416;467;-64;-35;-29
111;15;4;Bom Fim;11053;11053;0;-41;-41;0
111;15;4;Centro;39730;38932;798;185;-9;194
111;15;4;Cidade Baixa;14942;14942;0;-39;-39;0
111;15;4;Farroupilha;930;539;391;-30;-35;5
111;15;4;Floresta;11225;11225;0;-30;-30;0
111;15;4;Independência;8190;7729;461;-35;-37;2
111;15;4;Menino Deus;32007;31362;645;24;-18;42
111;15;4;Moinhos de Vento;12098;11642;456;-13;-27;14
111;15;4;Praia de Belas;1943;1943;0;-30;-30;0
111;15;4;Rio Branco;17775;17166;609;62;-22;84
111;15;4;Santa Cecília;5775;5365;410;-10;-31;21
111;15;4;Santana;20938;20358;580;21;-23;44
112;16;4;Azenha;13923;13317;606;40;-99;139
112;16;4;Bom Fim;10937;10937;0;-116;-116;0
112;16;4;Centro;39698;38873;825;-32;-59;27
112;16;4;Cidade Baixa;14850;14850;0;-92;-92;0
112;16;4;Farroupilha;924;439;485;-6;-100;94
112;16;4;Floresta;11148;11148;0;-77;-77;0
112;16;4;Independência;8226;7651;575;36;-78;114
112;16;4;Menino Deus;32145;31299;846;138;-63;201
112;16;4;Moinhos de Vento;12142;11581;561;44;-61;105
112;16;4;Praia de Belas;1866;1866;0;-77;-77;0
112;16;4;Rio Branco;17811;17082;729;36;-84;120
112;16;4;Santa Cecília;5759;5263;496;-16;-102;86
112;16;4;Santana;21060;20276;784;122;-82;204
113;17;4;Azenha;13945;13360;585;22;43;-21
113;17;4;Bom Fim;10958;10958;0;21;21;0
113;17;4;Centro;39807;38893;914;109;20;89
113;17;4;Cidade Baixa;14869;14869;0;19;19;0
113;17;4;Farroupilha;950;466;484;26;27;-1
113;17;4;Floresta;11157;11157;0;9;9;0
113;17;4;Independência;8255;7669;586;29;18;11
113;17;4;Menino Deus;32022;31311;711;-123;12;-135
113;17;4;Moinhos de Vento;12172;11599;573;30;18;12
113;17;4;Praia de Belas;1888;1888;0;22;22;0
113;17;4;Rio Branco;17725;17095;630;-86;13;-99
113;17;4;Santa Cecília;5788;5299;489;29;36;-7
113;17;4;Santana;20953;20292;661;-107;16;-123
114;18;4;Azenha;13930;13376;554;-15;16;-31
114;18;4;Bom Fim;10997;10997;0;39;39;0
114;18;4;Centro;39587;38902;685;-220;9;-229
114;18;4;Cidade Baixa;14909;14909;0;40;40;0
114;18;4;Farroupilha;986;502;484;36;36;0
114;18;4;Floresta;11196;11196;0;39;39;0
114;18;4;Independência;8238;7702;536;-17;33;-50
114;18;4;Menino Deus;32057;31337;720;35;26;9
114;18;4;Moinhos de Vento;12122;11618;504;-50;19;-69
114;18;4;Praia de Belas;1914;1914;0;26;26;0
114;18;4;Rio Branco;17775;17127;648;50;32;18
114;18;4;Santa Cecília;5799;5321;478;11;22;-11
114;18;4;Santana;20979;20316;663;26;24;2
115;19;4;Azenha;13940;13391;549;10;15;-5
115;19;4;Bom Fim;11008;11008;0;11;11;0
115;19;4;Centro;39608;38907;701;21;5;16
115;19;4;Cidade Baixa;14917;14917;0;8;8;0
115;19;4;Farroupilha;998;515;483;12;13;-1
115;19;4;Floresta;11202;11202;0;6;6;0
115;19;4;Independência;8245;7709;536;7;7;0
115;19;4;Menino Deus;32028;31342;686;-29;5;-34
115;19;4;Moinhos de Vento;12130;11626;504;8;8;0
115;19;4;Praia de Belas;1924;1924;0;10;10;0
115;19;4;Rio Branco;17745;17133;612;-30;6;-36
115;19;4;Santa Cecília;5805;5336;469;6;15;-9
115;19;4;Santana;20939;20325;614;-40;9;-49
116;20;4;Azenha;13956;13366;590;16;-25;41
116;20;4;Bom Fim;10952;10952;0;-56;-56;0
116;20;4;Centro;39571;38885;686;-37;-22;-15
116;20;4;Cidade Baixa;14887;14887;0;-30;-30;0
116;20;4;Farroupilha;1054;480;574;56;-35;91
116;20;4;Floresta;11167;11167;0;-35;-35;0
116;20;4;Independência;8291;7676;615;46;-33;79
116;20;4;Menino Deus;31979;31314;665;-49;-28;-21
116;20;4;Moinhos de Vento;12182;11603;579;52;-23;75
116;20;4;Praia de Belas;1909;1909;0;-15;-15;0
116;20;4;Rio Branco;17724;17089;635;-21;-44;23
116;20;4;Santa Cecília;5848;5301;547;43;-35;78
116;20;4;Santana;20969;20293;676;30;-32;62
117;21;4;Azenha;13960;13391;569;4;25;-21
117;21;4;Bom Fim;10975;10975;0;23;23;0
117;21;4;Centro;39519;38895;624;-52;10;-62
117;21;4;Cidade Baixa;14911;14911;0;24;24;0
117;21;4;Farroupilha;1076;501;575;22;21;1
117;21;4;Floresta;11183;11183;0;16;16;0
117;21;4;Independência;8289;7693;596;-2;17;-19
117;21;4;Menino Deus;31939;31329;610;-40;15;-55
117;21;4;Moinhos de Vento;12172;11618;554;-10;15;-25
117;21;4;Praia de Belas;1928;1928;0;19;19;0
117;21;4;Rio Branco;17738;17109;629;14;20;-6
117;21;4;Santa Cecília;5861;5323;538;13;22;-9
117;21;4;Santana;20938;20309;629;-31;16;-47
118;22;4;Azenha;13974;13411;563;14;20;-6
118;22;4;Bom Fim;10998;10998;0;23;23;0
118;22;4;Centro;39473;38905;568;-46;10;-56
118;22;4;Cidade Baixa;14930;14930;0;19;19;0
118;22;4;Farroupilha;1100;524;576;24;23;1
118;22;4;Floresta;11202;11202;0;19;19;0
118;22;4;Independência;8292;7712;580;3;19;-16
118;22;4;Menino Deus;31925;31341;584;-14;12;-26
118;22;4;Moinhos de Vento;12159;11631;528;-13;13;-26
118;22;4;Praia de Belas;1944;1944;0;16;16;0
118;22;4;Rio Branco;17725;17126;599;-13;17;-30
118;22;4;Santa Cecília;5874;5345;529;13;22;-9
118;22;4;Santana;20893;20322;571;-45;13;-58
119;23;4;Azenha;13804;13804;0;-170;393;-563
119;23;4;Bom Fim;11593;11593;0;595;595;0
119;23;4;Centro;39154;39154;0;-319;249;-568
119;23;4;Cidade Baixa;15379;15379;0;449;449;0
119;23;4;Farroupilha;961;961;0;-139;437;-576
119;23;4;Floresta;11596;11596;0;394;394;0
119;23;4;Independência;8112;8112;0;-180;400;-580
119;23;4;Menino Deus;31650;31650;0;-275;309;-584
119;23;4;Moinhos de Vento;11937;11937;0;-222;306;-528
119;23;4;Praia de Belas;2281;2281;0;337;337;0
119;23;4;Rio Branco;17531;17531;0;-194;405;-599
119;23;4;Santa Cecília;5768;5768;0;-106;423;-529
119;23;4;Santana;20723;20723;0;-170;401;-571
120;0;5;Azenha;13828;13750;78;24;-54;78
120;0;5;Bom Fim;11509;11509;0;-84;-84;0
120;0;5;Centro;39188;39119;69;34;-35;69
120;0;5;Cidade Baixa;15318;15318;0;-61;-61;0
120;0;5;Farroupilha;989;900;89;28;-61;89
120;0;5;Floresta;11541;11541;0;-55;-55;0
120;0;5;Independência;8143;8057;86;31;-55;86
120;0;5;Menino Deus;31681;31606;75;31;-44;75
120;0;5;Moinhos de Vento;11970;11894;76;33;-43;76
120;0;5;Praia de Belas;2235;2235;0;-46;-46;0
120;0;5;Rio Branco;17554;17472;82;23;-59;82
120;0;5;Santa Cecília;5787;5708;79;19;-60;79
120;0;5;Santana;20746;20666;80;23;-57;80
121;1;5;Azenha;13829;13717;112;1;-33;34
121;1;5;Bom Fim;11474;11474;0;-35;-35;0
121;1;5;Centro;39255;39105;150;67;-14;81
121;1;5;Cidade Baixa;15286;15286;0;-32;-32;0
121;1;5;Farroupilha;956;866;90;-33;-34;1
121;1;5;Floresta;11518;11518;0;-23;-23;0
121;1;5;Independência;8127;8030;97;-16;-27;11
121;1;5;Menino Deus;31743;31587;156;62;-19;81
121;1;5;Moinhos de Vento;11976;11876;100;6;-18;24
121;1;5;Praia de Belas;2208;2208;0;-27;-27;0
121;1;5;Rio Branco;17576;17451;125;22;-21;43
121;1;5;Santa Cecília;5759;5674;85;-28;-34;6
121;1;5;Santana;20782;20642;140;36;-24;60
122;2;5;Azenha;13820;13714;106;-9;-3;-6
122;2;5;Bom Fim;11471;11471;0;-3;-3;0
122;2;5;Centro;39261;39105;156;6;0;6
122;2;5;Cidade Baixa;15284;15284;0;-2;-2;0
122;2;5;Farroupilha;958;866;92;2;0;2
122;2;5;Floresta;11517;11517;0;-1;-1;0
122;2;5;Independência;8124;8027;97;-3;-3;0
122;2;5;Menino Deus;31751;31587;164;8;0;8
122;2;5;Moinhos de Vento;11976;11874;102;0;-2;2
122;2;5;Praia de Belas;2207;2207;0;-1;-1;0
122;2;5;Rio Branco;17578;17449;129;2;-2;4
122;2;5;Santa Cecília;5763;5673;90;4;-1;5
122;2;5;Santana;20779;20641;138;-3;-1;-2
123;3;5;Azenha;13834;13721;113;14;7;7
123;3;5;Bom Fim;11474;11474;0;3;3;0
123;3;5;Centro;39263;39108;155;2;3;-1
123;3;5;Cidade Baixa;15287;15287;0;3;3;0
123;3;5;Farroupilha;962;869;93;4;3;1
123;3;5;Floresta;11518;11518;0;1;1;0
123;3;5;Independência;8133;8030;103;9;3;6
123;3;5;Menino Deus;31728;31588;140;-23;1;-24
123;3;5;Moinhos de Vento;11978;11876;102;2;2;0
123;3;5;Praia de Belas;2210;2210;0;3;3;0
123;3;5;Rio Branco;17568;17449;119;-10;0;-10
123;3;5;Santa Cecília;5767;5679;88;4;6;-2
123;3;5;Santana;20767;20641;126;-12;0;-12
124;4;5;Azenha;13867;13650;217;33;-71;104
124;4;5;Bom Fim;11370;11370;0;-104;-104;0
124;4;5;Centro;39350;39064;286;87;-44;131
124;4;5;Cidade Baixa;15204;15204;0;-83;-83;0
124;4;5;Farroupilha;972;788;184;10;-81;91
124;4;5;Floresta;11445;11445;0;-73;-73;0
124;4;5;Independência;8159;7959;200;26;-71;97
124;4;5;Menino Deus;31765;31529;236;37;-59;96
124;4;5;Moinhos de Vento;12007;11817;190;29;-59;88
124;4;5;Praia de Belas;2149;2149;0;-61;-61;0
124;4;5;Rio Branco;17615;17378;237;47;-71;118
124;4;5;Santa Cecília;5778;5601;177;11;-78;89
124;4;5;Santana;20808;20569;239;41;-72;113
125;5;5;Azenha;13849;13639;210;-18;-11;-7
125;5;5;Bom Fim;11363;11363;0;-7;-7;0
125;5;5;Centro;39353;39060;293;3;-4;7
125;5;5;Cidade Baixa;15196;15196;0;-8;-8;0
125;5;5;Farroupilha;967;781;186;-5;-7;2
125;5;5;Floresta;11440;11440;0;-5;-5;0
125;5;5;Independência;8162;7954;208;3;-5;8
125;5;5;Menino Deus;31816;31527;289;51;-2;53
125;5;5;Moinhos de Vento;12020;11816;204;13;-1;14
125;5;5;Praia de Belas;2141;2141;0;-8;-8;0
125;5;5;Rio Branco;17600;17371;229;-15;-7;-8
125;5;5;Santa Cecília;5779;5597;182;1;-4;5
125;5;5;Santana;20803;20564;239;-5;-5;0
126;6;5;Azenha;13847;13652;195;-2;13;-15
126;6;5;Bom Fim;11376;11376;0;13;13;0
126;6;5;Centro;39321;39066;255;-32;6;-38
126;6;5;Cidade Baixa;15211;15211;0;15;15;0
126;6;5;Farroupilha;981;794;187;14;13;1
126;6;5;Floresta;11451;11451;0;11;11;0
126;6;5;Independência;8159;7965;194;-3;11;-14
126;6;5;Menino Deus;31782;31536;246;-34;9;-43
126;6;5;Moinhos de Vento;12011;11822;189;-9;6;-15
126;6;5;Praia de Belas;2153;2153;0;12;12;0
126;6;5;Rio Branco;17613;17384;229;13;13;0
126;6;5;Santa Cecília;5782;5607;175;3;10;-7
126;6;5;Santana;20802;20575;227;-1;11;-12
127;7;5;Azenha;13863;13635;228;16;-17;33
127;7;5;Bom Fim;11352;11352;0;-24;-24;0
127;7;5;Centro;39353;39055;298;32;-11;43
127;7;5;Cidade Baixa;15191;15191;0;-20;-20;0
127;7;5;Farroupilha;966;777;189;-15;-17;2
127;7;5;Floresta;11435;11435;0;-16;-16;0
127;7;5;Independência;8165;7950;215;6;-15;21
127;7;5;Menino Deus;31802;31522;280;20;-14;34
127;7;5;Moinhos de Vento;12020;11810;210;9;-12;21
127;7;5;Praia de Belas;2138;2138;0;-15;-15;0
127;7;5;Rio Branco;17609;17367;242;-4;-17;13
127;7;5;Santa Cecília;5775;5591;184;-7;-16;9
127;7;5;Santana;20820;20562;258;18;-13;31
128;8;5;Azenha;13884;13536;348;21;-99;120
128;8;5;Bom Fim;11223;11223;0;-129;-129;0
128;8;5;Centro;39501;38998;503;148;-57;205
128;8;5;Cidade Baixa;15079;15079;0;-112;-112;0
128;8;5;Farroupilha;951;670;281;-15;-107;92
128;8;5;Floresta;11343;11343;0;-92;-92;0
128;8;5;Independência;8176;7854;322;11;-96;107
128;8;5;Menino Deus;31922;31451;471;120;-71;191
128;8;5;Moinhos de Vento;12064;11737;327;44;-73;117
128;8;5;Praia de Belas;2050;2050;0;-88;-88;0
128;8;5;Rio Branco;17670;17276;394;61;-91;152
128;8;5;Santa Cecília;5785;5492;293;10;-99;109
128;8;5;Santana;20841;20467;374;21;-95;116
129;9;5;Azenha;13876;13533;343;-8;-3;-5
129;9;5;Bom Fim;11217;11217;0;-6;-6;0
129;9;5;Centro;39490;38997;493;-11;-1;-10
129;9;5;Cidade Baixa;15079;15079;0;0;0;0
129;9;5;Farroupilha;949;665;284;-2;-5;3
129;9;5;Floresta;11340;11340;0;-3;-3;0
129;9;5;Independência;8181;7853;328;5;-1;6
129;9;5;Menino Deus;31891;31448;443;-31;-3;-28
129;9;5;Moinhos de Vento;12046;11734;312;-18;-3;-15
129;9;5;Praia de Belas;2050;2050;0;0;0;0
129;9;5;Rio Branco;17692;17275;417;22;-1;23
129;9;5;Santa Cecília;5781;5484;297;-4;-8;4
129;9;5;Santana;20897;20470;427;56;3;53
130;10;5;Azenha;13859;13519;340;-17;-14;-3
130;10;5;Bom Fim;11209;11209;0;-8;-8;0
130;10;5;Centro;39478;38991;487;-12;-6;-6
130;10;5;Cidade Baixa;15070;15070;0;-9;-9;0
130;10;5;Farroupilha;946;658;288;-3;-7;4
130;10;5;Floresta;11333;11333;0;-7;-7;0
130;10;5;Independência;8183;7846;337;2;-7;9
130;10;5;Menino Deus;31935;31447;488;44;-1;45
130;10;5;Moinhos de Vento;12070;11731;339;24;-3;27
130;10;5;Praia de Belas;2040;2040;0;-10;-10;0
130;10;5;Rio Branco;17668;17265;403;-24;-10;-14
130;10;5;Santa Cecília;5785;5477;308;4;-7;11
130;10;5;Santana;20913;20462;451;16;-8;24
131;11;5;Azenha;13862;13529;333;3;10;-7
131;11;5;Bom Fim;11216;11216;0;7;7;0
131;11;5;Centro;39455;38994;461;-23;3;-26
131;11;5;Cidade Baixa;15078;15078;0;8;8;0
131;11;5;Farroupilha;960;670;290;14;12;2
131;11;5;Floresta;11340;11340;0;7;7;0
131;11;5;Independência;8200;7854;346;17;8;9
131;11;5;Menino Deus;31956;31455;501;21;8;13
131;11;5;Moinhos de Vento;12075;11736;339;5;5;0
131;11;5;Praia de Belas;2047;2047;0;7;7;0
131;11;5;Rio Branco;17668;17273;395;0;8;-8
131;11;5;Santa Cecília;5789;5493;296;4;16;-12
131;11;5;Santana;20843;20465;378;-70;3;-73
132;12;5;Azenha;13919;13472;447;57;-57;114
132;12;5;Bom Fim;11126;11126;0;-90;-90;0
132;12;5;Centro;39545;38957;588;90;-37;127
132;12;5;Cidade Baixa;15005;15005;0;-73;-73;0
132;12;5;Farroupilha;985;603;382;25;-67;92
132;12;5;Floresta;11281;11281;0;-59;-59;0
132;12;5;Independência;8219;7793;426;19;-61;80
132;12;5;Menino Deus;31962;31399;563;6;-56;62
132;12;5;Moinhos de Vento;12083;11688;395;8;-48;56
132;12;5;Praia de Belas;1993;1993;0;-54;-54;0
132;12;5;Rio Branco;17676;17209;467;8;-64;72
132;12;5;Santa Cecília;5796;5424;372;7;-69;76
132;12;5;Santana;20899;20403;496;56;-62;118
133;13;5;Azenha;13916;13452;464;-3;-20;17
133;13;5;Bom Fim;11108;11108;0;-18;-18;0
133;13;5;Centro;39517;38947;570;-28;-10;-18
133;13;5;Cidade Baixa;14990;14990;0;-15;-15;0
133;13;5;Farroupilha;968;584;384;-17;-19;2
133;13;5;Floresta;11267;11267;0;-14;-14;0
133;13;5;Independência;8216;7778;438;-3;-15;12
133;13;5;Menino Deus;32009;31389;620;47;-10;57
133;13;5;Moinhos de Vento;12085;11675;410;2;-13;15
133;13;5;Praia de Belas;1979;1979;0;-14;-14;0
133;13;5;Rio Branco;17716;17197;519;40;-12;52
133;13;5;Santa Cecília;5800;5404;396;4;-20;24
133;13;5;Santana;20918;20389;529;19;-14;33
134;14;5;Azenha;13947;13451;496;31;-1;32
134;14;5;Bom Fim;11094;11094;0;-14;-14;0
134;14;5;Centro;39545;38941;604;28;-6;34
134;14;5;Cidade Baixa;14981;14981;0;-9;-9;0
134;14;5;Farroupilha;960;574;386;-8;-10;2
134;14;5;Floresta;11255;11255;0;-12;-12;0
134;14;5;Independência;8225;7766;459;9;-12;21
134;14;5;Menino Deus;31983;31380;603;-26;-9;-17
134;14;5;Moinhos de Vento;12111;11669;442;26;-6;32
134;14;5;Praia de Belas;1973;1973;0;-6;-6;0
134;14;5;Rio Branco;17713;17188;525;-3;-9;6
134;14;5;Santa Cecília;5785;5396;389;-15;-8;-7
134;14;5;Santana;20917;20381;536;-1;-8;7
135;15;5;Azenha;13883;13416;467;-64;-35;-29
135;15;5;Bom Fim;11053;11053;0;-41;-41;0
135;15;5;Centro;39730;38932;798;185;-9;194
135;15;5;Cidade Baixa;14942;14942;0;-39;-39;0
135;15;5;Farroupilha;930;539;391;-30;-35;5
135;15;5;Floresta;11225;11225;0;-30;-30;0
135;15;5;Independência;8190;7729;461;-35;-37;2
135;15;5;Menino Deus;32007;31362;645;24;-18;42
135;15;5;Moinhos de Vento;12098;11642;456;-13;-27;14
135;15;5;Praia de Belas;1943;1943;0;-30;-30;0
135;15;5;Rio Branco;17775;17166;609;62;-22;84
135;15;5;Santa Cecília;5775;5365;410;-10;-31;21
135;15;5;Santana;20938;20358;580;21;-23;44
136;16;5;Azenha;13923;13317;606;40;-99;139
136;16;5;Bom Fim;10937;10937;0;-116;-116;0
136;16;5;Centro;39698;38873;825;-32;-59;27
136;16;5;Cidade Baixa;14850;14850;0;-92;-92;0
136;16;5;Farroupilha;922;437;485;-8;-102;94
136;16;5;Floresta;11148;11148;0;-77;-77;0
136;16;5;Independência;8227;7651;576;37;-78;115
136;16;5;Menino Deus;32145;31299;846;138;-63;201
136;16;5;Moinhos de Vento;12142;11581;561;44;-61;105
136;16;5;Praia de Belas;1866;1866;0;-77;-77;0
136;16;5;Rio Branco;17812;17082;730;37;-84;121
136;16;5;Santa Cecília;5759;5263;496;-16;-102;86
136;16;5;Santana;21060;20276;784;122;-82;204
137;17;5;Azenha;13945;13360;585;22;43;-21
137;17;5;Bom Fim;10958;10958;0;21;21;0
137;17;5;Centro;39807;38893;914;109;20;89
137;17;5;Cidade Baixa;14869;14869;0;19;19;0
137;17;5;Farroupilha;948;464;484;26;27;-1
137;17;5;Floresta;11157;11157;0;9;9;0
137;17;5;Independência;8256;7669;587;29;18;11
137;17;5;Menino Deus;32022;31311;711;-123;12;-135
137;17;5;Moinhos de Vento;12172;11599;573;30;18;12
137;17;5;Praia de Belas;1888;1888;0;22;22;0
137;17;5;Rio Branco;17726;17095;631;-86;13;-99
137;17;5;Santa Cecília;5788;5299;489;29;36;-7
137;17;5;Santana;20953;20292;661;-107;16;-123
138;18;5;Azenha;13930;13376;554;-15;16;-31
138;18;5;Bom Fim;10997;10997;0;39;39;0
138;18;5;Centro;39587;38902;685;-220;9;-229
138;18;5;Cidade Baixa;14909;14909;0;40;40;0
138;18;5;Farroupilha;985;501;484;37;37;0
138;18;5;Floresta;11196;11196;0;39;39;0
138;18;5;Independência;8239;7702;537;-17;33;-50
138;18;5;Menino Deus;32057;31337;720;35;26;9
138;18;5;Moinhos de Vento;12122;11618;504;-50;19;-69
138;18;5;Praia de Belas;1914;1914;0;26;26;0
138;18;5;Rio Branco;17775;17127;648;49;32;17
138;18;5;Santa Cecília;5799;5321;478;11;22;-11
138;18;5;Santana;20979;20316;663;26;24;2
139;19;5;Azenha;13940;13391;549;10;15;-5
139;19;5;Bom Fim;11008;11008;0;11;11;0
139;19;5;Centro;39608;38907;701;21;5;16
139;19;5;Cidade Baixa;14917;14917;0;8;8;0
139;19;5;Farroupilha;997;514;483;12;13;-1
139;19;5;Floresta;11202;11202;0;6;6;0
139;19;5;Independência;8246;7709;537;7;7;0
139;19;5;Menino Deus;32028;31342;686;-29;5;-34
139;19;5;Moinhos de Vento;12130;11626;504;8;8;0
139;19;5;Praia de Belas;1924;1924;0;10;10;0
139;19;5;Rio Branco;17745;17133;612;-30;6;-36
139;19;5;Santa Cecília;5805;5336;469;6;15;-9
139;19;5;Santana;20939;20325;614;-40;9;-49
140;20;5;Azenha;13956;13366;590;16;-25;41
140;20;5;Bom Fim;10952;10952;0;-56;-56;0
140;20;5;Centro;39571;38885;686;-37;-22;-15
140;20;5;Cidade Baixa;14887;14887;0;-30;-30;0
140;20;5;Farroupilha;1053;479;574;56;-35;91
140;20;5;Floresta;11167;11167;0;-35;-35;0
140;20;5;Independência;8292;7676;616;46;-33;79
140;20;5;Menino Deus;31979;31314;665;-49;-28;-21
140;20;5;Moinhos de Vento;12182;11603;579;52;-23;75
140;20;5;Praia de Belas;1909;1909;0;-15;-15;0
140;20;5;Rio Branco;17724;17089;635;-21;-44;23
140;20;5;Santa Cecília;5848;5301;547;43;-35;78
140;20;5;Santana;20969;20293;676;30;-32;62
141;21;5;Azenha;13960;13391;569;4;25;-21
141;21;5;Bom Fim;10975;10975;0;23;23;0
141;21;5;Centro;39519;38895;624;-52;10;-62
141;21;5;Cidade Baixa;14911;14911;0;24;24;0
141;21;5;Farroupilha;1075;500;575;22;21;1
141;21;5;Floresta;11183;11183;0;16;16;0
141;21;5;Independência;8290;7693;597;-2;17;-19
141;21;5;Menino Deus;31939;31329;610;-40;15;-55
141;21;5;Moinhos de Vento;12172;11618;554;-10;15;-25
141;21;5;Praia de Belas;1928;1928;0;19;19;0
141;21;5;Rio Branco;17738;17109;629;14;20;-6
141;21;5;Santa Cecília;5861;5323;538;13;22;-9
141;21;5;Santana;20938;20309;629;-31;16;-47
142;22;5;Azenha;13974;13411;563;14;20;-6
142;22;5;Bom Fim;10998;10998;0;23;23;0
142;22;5;Centro;39473;38905;568;-46;10;-56
142;22;5;Cidade Baixa;14930;14930;0;19;19;0
142;22;5;Farroupilha;1099;523;576;24;23;1
142;22;5;Floresta;11202;11202;0;19;19;0
142;22;5;Independência;8293;7712;581;3;19;-16
142;22;5;Menino Deus;31925;31341;584;-14;12;-26
142;22;5;Moinhos de Vento;12159;11631;528;-13;13;-26
142;22;5;Praia de Belas;1944;1944;0;16;16;0
142;22;5;Rio Branco;17725;17126;599;-13;17;-30
142;22;5;Santa Cecília;5874;5345;529;13;22;-9
142;22;5;Santana;20893;20322;571;-45;13;-58
143;23;5;Azenha;13804;13804;0;-170;393;-563
143;23;5;Bom Fim;11593;11593;0;595;595;0
143;23;5;Centro;39154;39154;0;-319;249;-568
143;23;5;Cidade Baixa;15379;15379;0;449;449;0
143;23;5;Farroupilha;961;961;0;-138;438;-576
143;23;5;Floresta;11596;11596;0;394;394;0
143;23;5;Independência;8112;8112;0;-181;400;-581
143;23;5;Menino Deus;31650;31650;0;-275;309;-584
143;23;5;Moinhos de Vento;11937;11937;0;-222;306;-528
143;23;5;Praia de Belas;2281;2281;0;337;337;0
143;23;5;Rio Branco;17531;17531;0;-194;405;-599
143;23;5;Santa Cecília;5768;5768;0;-106;423;-529
143;23;5;Santana;20723;20723;0;-170;401;-571
144;0;6;Azenha;13828;13750;78;24;-54;78
144;0;6;Bom Fim;11509;11509;0;-84;-84;0
144;0;6;Centro;39188;39119;69;34;-35;69
144;0;6;Cidade Baixa;15318;15318;0;-61;-61;0
144;0;6;Farroupilha;989;900;89;28;-61;89
144;0;6;Floresta;11541;11541;0;-55;-55;0
144;0;6;Independência;8143;8057;86;31;-55;86
144;0;6;Menino Deus;31681;31606;75;31;-44;75
144;0;6;Moinhos de Vento;11970;11894;76;33;-43;76
144;0;6;Praia de Belas;2235;2235;0;-46;-46;0
144;0;6;Rio Branco;17554;17472;82;23;-59;82
144;0;6;Santa Cecília;5787;5708;79;19;-60;79
144;0;6;Santana;20746;20666;80;23;-57;80
145;1;6;Azenha;13829;13717;112;1;-33;34
145;1;6;Bom Fim;11474;11474;0;-35;-35;0
145;1;6;Centro;39255;39105;150;67;-14;81
145;1;6;Cidade Baixa;15286;15286;0;-32;-32;0
145;1;6;Farroupilha;956;866;90;-33;-34;1
145;1;6;Floresta;11518;11518;0;-23;-23;0
145;1;6;Independência;8127;8030;97;-16;-27;11
145;1;6;Menino Deus;31743;31587;156;62;-19;81
145;1;6;Moinhos de Vento;11976;11876;100;6;-18;24
145;1;6;Praia de Belas;2208;2208;0;-27;-27;0
145;1;6;Rio Branco;17576;17451;125;22;-21;43
145;1;6;Santa Cecília;5759;5674;85;-28;-34;6
145;1;6;Santana;20782;20642;140;36;-24;60
146;2;6;Azenha;13820;13714;106;-9;-3;-6
146;2;6;Bom Fim;11471;11471;0;-3;-3;0
146;2;6;Centro;39261;39105;156;6;0;6
146;2;6;Cidade Baixa;15284;15284;0;-2;-2;0
146;2;6;Farroupilha;958;866;92;2;0;2
146;2;6;Floresta;11517;11517;0;-1;-1;0
146;2;6;Independência;8124;8027;97;-3;-3;0
146;2;6;Menino Deus;31751;31587;164;8;0;8
146;2;6;Moinhos de Vento;11976;11874;102;0;-2;2
146;2;6;Praia de Belas;2207;2207;0;-1;-1;0
146;2;6;Rio Branco;17578;17449;129;2;-2;4
146;2;6;Santa Cecília;5763;5673;90;4;-1;5
146;2;6;Santana;20779;20641;138;-3;-1;-2
147;3;6;Azenha;13834;13721;113;14;7;7
147;3;6;Bom Fim;11474;11474;0;3;3;0
147;3;6;Centro;39263;39108;155;2;3;-1
147;3;6;Cidade Baixa;15287;15287;0;3;3;0
147;3;6;Farroupilha;962;869;93;4;3;1
147;3;6;Floresta;11518;11518;0;1;1;0
147;3;6;Independência;8133;8030;103;9;3;6
147;3;6;Menino Deus;31728;31588;140;-23;1;-24
147;3;6;Moinhos de Vento;11978;11876;102;2;2;0
147;3;6;Praia de Belas;2210;2210;0;3;3;0
147;3;6;Rio Branco;17568;17449;119;-10;0;-10
147;3;6;Santa Cecília;5767;5679;88;4;6;-2
147;3;6;Santana;20767;20641;126;-12;0;-12
148;4;6;Azenha;13867;13650;217;33;-71;104
148;4;6;Bom Fim;11370;11370;0;-104;-104;0
148;4;6;Centro;39350;39064;286;87;-44;131
148;4;6;Cidade Baixa;15204;15204;0;-83;-83;0
148;4;6;Farroupilha;972;788;184;10;-81;91
148;4;6;Floresta;11445;11445;0;-73;-73;0
148;4;6;Independência;8159;7959;200;26;-71;97
148;4;6;Menino Deus;31765;31529;236;37;-59;96
148;4;6;Moinhos de Vento;12007;11817;190;29;-59;88
148;4;6;Praia de Belas;2149;2149;0;-61;-61;0
148;4;6;Rio Branco;17615;17378;237;47;-71;118
148;4;6;Santa Cecília;5778;5601;177;11;-78;89
148;4;6;Santana;20808;20569;239;41;-72;113
149;5;6;Azenha;13849;13639;210;-18;-11;-7
149;5;6;Bom Fim;11363;11363;0;-7;-7;0
149;5;6;Centro;39353;39060;293;3;-4;7
149;5;6;Cidade Baixa;15196;15196;0;-8;-8;0
149;5;6;Farroupilha;967;781;186;-5;-7;2
149;5;6;Floresta;11440;11440;0;-5;-5;0
149;5;6;Independência;8162;7954;208;3;-5;8
149;5;6;Menino Deus;31816;31527;289;51;-2;53
149;5;6;Moinhos de Vento;12020;11816;204;13;-1;14
149;5;6;Praia de Belas;2141;2141;0;-8;-8;0
149;5;6;Rio Branco;17600;17371;229;-15;-7;-8
149;5;6;Santa Cecília;5779;5597;182;1;-4;5
149;5;6;Santana;20803;20564;239;-5;-5;0
150;6;6;Azenha;13847;13652;195;-2;13;-15
150;6;6;Bom Fim;11376;11376;0;13;13;0
150;6;6;Centro;39321;39066;255;-32;6;-38
150;6;6;Cidade Baixa;15211;15211;0;15;15;0
150;6;6;Farroupilha;981;794;187;14;13;1
150;6;6;Floresta;11451;11451;0;11;11;0
150;6;6;Independência;8159;7965;194;-3;11;-14
150;6;6;Menino Deus;31782;31536;246;-34;9;-43
150;6;6;Moinhos de Vento;12011;11822;189;-9;6;-15
150;6;6;Praia de Belas;2153;2153;0;12;12;0
150;6;6;Rio Branco;17613;17384;229;13;13;0
150;6;6;Santa Cecília;5782;5607;175;3;10;-7
150;6;6;Santana;20802;20575;227;-1;11;-12
151;7;6;Azenha;13863;13635;228;16;-17;33
151;7;6;Bom Fim;11352;11352;0;-24;-24;0
151;7;6;Centro;39353;39055;298;32;-11;43
151;7;6;Cidade Baixa;15191;15191;0;-20;-20;0
151;7;6;Farroupilha;966;777;189;-15;-17;2
151;7;6;Floresta;11435;11435;0;-16;-16;0
151;7;6;Independência;8165;7950;215;6;-15;21
151;7;6;Menino Deus;31802;31522;280;20;-14;34
151;7;6;Moinhos de Vento;12020;11810;210;9;-12;21
151;7;6;Praia de Belas;2138;2138;0;-15;-15;0
151;7;6;Rio Branco;17609;17367;242;-4;-17;13
151;7;6;Santa Cecília;5775;5591;184;-7;-16;9
151;7;6;Santana;20820;20562;258;18;-13;31
152;8;6;Azenha;13884;13536;348;21;-99;120
152;8;6;Bom Fim;11223;11223;0;-129;-129;0
152;8;6;Centro;39501;38998;503;148;-57;205
152;8;6;Cidade Baixa;15079;15079;0;-112;-112;0
152;8;6;Farroupilha;951;670;281;-15;-107;92
152;8;6;Floresta;11343;11343;0;-92;-92;0
152;8;6;Independência;8176;7854;322;11;-96;107
152;8;6;Menino Deus;31922;31451;471;120;-71;191
152;8;6;Moinhos de Vento;12064;11737;327;44;-73;117
152;8;6;Praia de Belas;2050;2050;0;-88;-88;0
152;8;6;Rio Branco;17670;17276;394;61;-91;152
152;8;6;Santa Cecília;5785;5492;293;10;-99;109
152;8;6;Santana;20841;20467;374;21;-95;116
153;9;6;Azenha;13876;13533;343;-8;-3;-5
153;9;6;Bom Fim;11217;11217;0;-6;-6;0
153;9;6;Centro;39490;38997;493;-11;-1;-10
153;9;6;Cidade Baixa;15079;15079;0;0;0;0
153;9;6;Farroupilha;949;665;284;-2;-5;3
153;9;6;Floresta;11340;11340;0;-3;-3;0
153;9;6;Independência;8181;7853;328;5;-1;6
153;9;6;Menino Deus;31891;31448;443;-31;-3;-28
153;9;6;Moinhos de Vento;12046;11734;312;-18;-3;-15
153;9;6;Praia de Belas;2050;2050;0;0;0;0
153;9;6;Rio Branco;17692;17275;417;22;-1;23
153;9;6;Santa Cecília;5781;5484;297;-4;-8;4
153;9;6;Santana;20897;20470;427;56;3;53
154;10;6;Azenha;13859;13519;340;-17;-14;-3
154;10;6;Bom Fim;11209;11209;0;-8;-8;0
154;10;6;Centro;39478;38991;487;-12;-6;-6
154;10;6;Cidade Baixa;15070;15070;0;-9;-9;0
154;10;6;Farroupilha;946;658;288;-3;-7;4
154;10;6;Floresta;11333;11333;0;-7;-7;0
154;10;6;Independência;8183;7846;337;2;-7;9
154;10;6;Menino Deus;31935;31447;488;44;-1;45
154;10;6;Moinhos de Vento;12070;11731;339;24;-3;27
154;10;6;Praia de Belas;2040;2040;0;-10;-10;0
154;10;6;Rio Branco;17668;17265;403;-24;-10;-14
154;10;6;Santa Cecília;5785;5477;308;4;-7;11
154;10;6;Santana;20913;20462;451;16;-8;24
155;11;6;Azenha;13862;13529;333;3;10;-7
155;11;6;Bom Fim;11216;11216;0;7;7;0
155;11;6;Centro;39455;38994;461;-23;3;-26
155;11;6;Cidade Baixa;15078;15078;0;8;8;0
155;11;6;Farroupilha;960;670;290;14;12;2
155;11;6;Floresta;11340;11340;0;7;7;0
155;11;6;Independência;8200;7854;346;17;8;9
155;11;6;Menino Deus;31956;31455;501;21;8;13
155;11;6;Moinhos de Vento;12075;11736;339;5;5;0
155;11;6;Praia de Belas;2047;2047;0;7;7;0
155;11;6;Rio Branco;17668;17273;395;0;8;-8
155;11;6;Santa Cecília;5789;5493;296;4;16;-12
155;11;6;Santana;20843;20465;378;-70;3;-73
156;12;6;Azenha;13919;13472;447;57;-57;114
156;12;6;Bom Fim;11126;11126;0;-90;-90;0
156;12;6;Centro;39545;38957;588;90;-37;127
156;12;6;Cidade Baixa;15005;15005;0;-73;-73;0
156;12;6;Farroupilha;985;603;382;25;-67;92
156;12;6;Floresta;11281;11281;0;-59;-59;0
156;12;6;Independência;8219;7793;426;19;-61;80
156;12;6;Menino Deus;31962;31399;563;6;-56;62
156;12;6;Moinhos de Vento;12083;11688;395;8;-48;56
156;12;6;Praia de Belas;1993;1993;0;-54;-54;0
156;12;6;Rio Branco;17676;17209;467;8;-64;72
156;12;6;Santa Cecília;5796;5424;372;7;-69;76
156;12;6;Santana;20899;20403;496;56;-62;118
157;13;6;Azenha;13916;13452;464;-3;-20;17
157;13;6;Bom Fim;11108;11108;0;-18;-18;0
157;13;6;Centro;39517;38947;570;-28;-10;-18
157;13;6;Cidade Baixa;14990;14990;0;-15;-15;0
157;13;6;Farroupilha;968;584;384;-17;-19;2
157;13;6;Floresta;11267;11267;0;-14;-14;0
157;13;6;Independência;8216;7778;438;-3;-15;12
157;13;6;Menino Deus;32009;31389;620;47;-10;57
157;13;6;Moinhos de Vento;12085;11675;410;2;-13;15
157;13;6;Praia de Belas;1979;1979;0;-14;-14;0
157;13;6;Rio Branco;17716;17197;519;40;-12;52
157;13;6;Santa Cecília;5800;5404;396;4;-20;24
157;13;6;Santana;20918;20389;529;19;-14;33
158;14;6;Azenha;13947;13451;496;31;-1;32
158;14;6;Bom Fim;11094;11094;0;-14;-14;0
158;14;6;Centro;39545;38941;604;28;-6;34
158;14;6;Cidade Baixa;14981;14981;0;-9;-9;0
158;14;6;Farroupilha;960;574;386;-8;-10;2
158;14;6;Floresta;11255;11255;0;-12;-12;0
158;14;6;Independência;8225;7766;459;9;-12;21
158;14;6;Menino Deus;31983;31380;603;-26;-9;-17
158;14;6;Moinhos de Vento;12111;11669;442;26;-6;32
158;14;6;Praia de Belas;1973;1973;0;-6;-6;0
158;14;6;Rio Branco;17713;17188;525;-3;-9;6
158;14;6;Santa Cecília;5785;5396;389;-15;-8;-7
158;14;6;Santana;20917;20381;536;-1;-8;7
159;15;6;Azenha;13883;13416;467;-64;-35;-29
159;15;6;Bom Fim;11053;11053;0;-41;-41;0
159;15;6;Centro;39730;38932;798;185;-9;194
159;15;6;Cidade Baixa;14942;14942;0;-39;-39;0
159;15;6;Farroupilha;930;539;391;-30;-35;5
159;15;6;Floresta;11225;11225;0;-30;-30;0
159;15;6;Independência;8190;7729;461;-35;-37;2
159;15;6;Menino Deus;32007;31362;645;24;-18;42
159;15;6;Moinhos de Vento;12098;11642;456;-13;-27;14
159;15;6;Praia de Belas;1943;1943;0;-30;-30;0
159;15;6;Rio Branco;17775;17166;609;62;-22;84
159;15;6;Santa Cecília;5775;5365;410;-10;-31;21
159;15;6;Santana;20938;20358;580;21;-23;44
160;16;6;Azenha;13923;13317;606;40;-99;139
160;16;6;Bom Fim;10937;10937;0;-116;-116;0
160;16;6;Centro;39698;38873;825;-32;-59;27
160;16;6;Cidade Baixa;14850;14850;0;-92;-92;0
160;16;6;Farroupilha;924;439;485;-6;-100;94
160;16;6;Floresta;11148;11148;0;-77;-77;0
160;16;6;Independência;8226;7651;575;36;-78;114
160;16;6;Menino Deus;32145;31299;846;138;-63;201
160;16;6;Moinhos de Vento;12142;11581;561;44;-61;105
160;16;6;Praia de Belas;1866;1866;0;-77;-77;0
160;16;6;Rio Branco;17812;17082;730;37;-84;121
160;16;6;Santa Cecília;5759;5263;496;-16;-102;86
160;16;6;Santana;21059;20276;783;121;-82;203
161;17;6;Azenha;13945;13360;585;22;43;-21
161;17;6;Bom Fim;10958;10958;0;21;21;0
161;17;6;Centro;39807;38893;914;109;20;89
161;17;6;Cidade Baixa;14869;14869;0;19;19;0
161;17;6;Farroupilha;950;466;484;26;27;-1
161;17;6;Floresta;11157;11157;0;9;9;0
161;17;6;Independência;8255;7669;586;29;18;11
161;17;6;Menino Deus;32022;31311;711;-123;12;-135
161;17;6;Moinhos de Vento;12172;11599;573;30;18;12
161;17;6;Praia de Belas;1888;1888;0;22;22;0
161;17;6;Rio Branco;17726;17095;631;-86;13;-99
161;17;6;Santa Cecília;5788;5299;489;29;36;-7
161;17;6;Santana;20952;20292;660;-107;16;-123
162;18;6;Azenha;13930;13376;554;-15;16;-31
162;18;6;Bom Fim;10997;10997;0;39;39;0
162;18;6;Centro;39587;38902;685;-220;9;-229
162;18;6;Cidade Baixa;14909;14909;0;40;40;0
162;18;6;Farroupilha;986;502;484;36;36;0
162;18;6;Floresta;11196;11196;0;39;39;0
162;18;6;Independência;8238;7702;536;-17;33;-50
162;18;6;Menino Deus;32057;31337;720;35;26;9
162;18;6;Moinhos de Vento;12122;11618;504;-50;19;-69
162;18;6;Praia de Belas;1914;1914;0;26;26;0
162;18;6;Rio Branco;17775;17127;648;49;32;17
162;18;6;Santa Cecília;5799;5321;478;11;22;-11
162;18;6;Santana;20979;20316;663;27;24;3
163;19;6;Azenha;13940;13391;549;10;15;-5
163;19;6;Bom Fim;11008;11008;0;11;11;0
163;19;6;Centro;39608;38907;701;21;5;16
163;19;6;Cidade Baixa;14917;14917;0;8;8;0
163;19;6;Farroupilha;998;515;483;12;13;-1
163;19;6;Floresta;11202;11202;0;6;6;0
163;19;6;Independência;8245;7709;536;7;7;0
163;19;6;Menino Deus;32028;31342;686;-29;5;-34
163;19;6;Moinhos de Vento;12130;11626;504;8;8;0
163;19;6;Praia de Belas;1924;1924;0;10;10;0
163;19;6;Rio Branco;17745;17133;612;-30;6;-36
163;19;6;Santa Cecília;5805;5336;469;6;15;-9
163;19;6;Santana;20939;20325;614;-40;9;-49
164;20;6;Azenha;13956;13366;590;16;-25;41
164;20;6;Bom Fim;10952;10952;0;-56;-56;0
164;20;6;Centro;39571;38885;686;-37;-22;-15
164;20;6;Cidade Baixa;14887;14887;0;-30;-30;0
164;20;6;Farroupilha;1054;480;574;56;-35;91
164;20;6;Floresta;11167;11167;0;-35;-35;0
164;20;6;Independência;8291;7676;615;46;-33;79
164;20;6;Menino Deus;31979;31314;665;-49;-28;-21
164;20;6;Moinhos de Vento;12182;11603;579;52;-23;75
164;20;6;Praia de Belas;1909;1909;0;-15;-15;0
164;20;6;Rio Branco;17724;17089;635;-21;-44;23
164;20;6;Santa Cecília;5848;5301;547;43;-35;78
164;20;6;Santana;20969;20293;676;30;-32;62
165;21;6;Azenha;13960;13391;569;4;25;-21
165;21;6;Bom Fim;10975;10975;0;23;23;0
165;21;6;Centro;39519;38895;624;-52;10;-62
165;21;6;Cidade Baixa;14911;14911;0;24;24;0
165;21;6;Farroupilha;1076;501;575;22;21;1
165;21;6;Floresta;11183;11183;0;16;16;0
165;21;6;Independência;8289;7693;596;-2;17;-19
165;21;6;Menino Deus;31939;31329;610;-40;15;-55
165;21;6;Moinhos de Vento;12172;11618;554;-10;15;-25
165;21;6;Praia de Belas;1928;1928;0;19;19;0
165;21;6;Rio Branco;17738;17109;629;14;20;-6
165;21;6;Santa Cecília;5861;5323;538;13;22;-9
165;21;6;Santana;20938;20309;629;-31;16;-47
166;22;6;Azenha;13974;13411;563;14;20;-6
166;22;6;Bom Fim;10998;10998;0;23;23;0
166;22;6;Centro;39473;38905;568;-46;10;-56
166;22;6;Cidade Baixa;14930;14930;0;19;19;0
166;22;6;Farroupilha;1100;524;576;24;23;1
166;22;6;Floresta;11202;11202;0;19;19;0
166;22;6;Independência;8292;7712;580;3;19;-16
166;22;6;Menino Deus;31925;31341;584;-14;12;-26
166;22;6;Moinhos de Vento;12159;11631;528;-13;13;-26
166;22;6;Praia de Belas;1944;1944;0;16;16;0
166;22;6;Rio Branco;17725;17126;599;-13;17;-30
166;22;6;Santa Cecília;5874;5345;529;13;22;-9
166;22;6;Santana;20893;20322;571;-45;13;-58
167;23;6;Azenha;13804;13804;0;-170;393;-563
167;23;6;Bom Fim;11593;11593;0;595;595;0
167;23;6;Centro;39154;39154;0;-319;249;-568
167;23;6;Cidade Baixa;15379;15379;0;449;449;0
167;23;6;Farroupilha;961;961;0;-139;437;-576
167;23;6;Floresta;11596;11596;0;394;394;0
167;23;6;Independência;8112;8112;0;-180;400;-580
167;23;6;Menino Deus;31650;31650;0;-275;309;-584
167;23;6;Moinhos de Vento;11937;11937;0;-222;306;-528
167;23;6;Praia de Belas;2281;2281;0;337;337;0
167;23;6;Rio Branco;17531;17531;0;-194;405;-599
167;23;6;Santa Cecília;5768;5768;0;-106;423;-529
167;23;6;Santana;20723;20723;0;-170;401;-571
168;0;7;Azenha;13828;13750;78;24;-54;78
168;0;7;Bom Fim;11509;11509;0;-84;-84;0
168;0;7;Centro;39188;39119;69;34;-35;69
168;0;7;Cidade Baixa;15318;15318;0;-61;-61;0
168;0;7;Farroupilha;989;900;89;28;-61;89
168;0;7;Floresta;11541;11541;0;-55;-55;0
168;0;7;Independência;8143;8057;86;31;-55;86
168;0;7;Menino Deus;31681;31606;75;31;-44;75
168;0;7;Moinhos de Vento;11970;11894;76;33;-43;76
168;0;7;Praia de Belas;2235;2235;0;-46;-46;0
168;0;7;Rio Branco;17554;17472;82;23;-59;82
168;0;7;Santa Cecília;5787;5708;79;19;-60;79
168;0;7;Santana;20746;20666;80;23;-57;80
169;1;7;Azenha;13829;13717;112;1;-33;34
169;1;7;Bom Fim;11474;11474;0;-35;-35;0
169;1;7;Centro;39255;39105;150;67;-14;81
169;1;7;Cidade Baixa;15286;15286;0;-32;-32;0
169;1;7;Farroupilha;956;866;90;-33;-34;1
169;1;7;Floresta;11518;11518;0;-23;-23;0
169;1;7;Independência;8127;8030;97;-16;-27;11
169;1;7;Menino Deus;31743;31587;156;62;-19;81
169;1;7;Moinhos de Vento;11976;11876;100;6;-18;24
169;1;7;Praia de Belas;2208;2208;0;-27;-27;0
169;1;7;Rio Branco;17576;17451;125;22;-21;43
169;1;7;Santa Cecília;5759;5674;85;-28;-34;6
169;1;7;Santana;20782;20642;140;36;-24;60
170;2;7;Azenha;13820;13714;106;-9;-3;-6
170;2;7;Bom Fim;11471;11471;0;-3;-3;0
170;2;7;Centro;39261;39105;156;6;0;6
170;2;7;Cidade Baixa;15284;15284;0;-2;-2;0
170;2;7;Farroupilha;958;866;92;2;0;2
170;2;7;Floresta;11517;11517;0;-1;-1;0
170;2;7;Independência;8124;8027;97;-3;-3;0
170;2;7;Menino Deus;31751;31587;164;8;0;8
170;2;7;Moinhos de Vento;11976;11874;102;0;-2;2
170;2;7;Praia de Belas;2207;2207;0;-1;-1;0
170;2;7;Rio Branco;17578;17449;129;2;-2;4
170;2;7;Santa Cecília;5763;5673;90;4;-1;5
170;2;7;Santana;20779;20641;138;-3;-1;-2
171;3;7;Azenha;13834;13721;113;14;7;7
171;3;7;Bom Fim;11474;11474;0;3;3;0
171;3;7;Centro;39263;39108;155;2;3;-1
171;3;7;Cidade Baixa;15287;15287;0;3;3;0
171;3;7;Farroupilha;962;869;93;4;3;1
171;3;7;Floresta;11518;11518;0;1;1;0
171;3;7;Independência;8133;8030;103;9;3;6
171;3;7;Menino Deus;31728;31588;140;-23;1;-24
171;3;7;Moinhos de Vento;11978;11876;102;2;2;0
171;3;7;Praia de Belas;2210;2210;0;3;3;0
171;3;7;Rio Branco;17568;17449;119;-10;0;-10
171;3;7;Santa Cecília;5767;5679;88;4;6;-2
171;3;7;Santana;20767;20641;126;-12;0;-12
172;4;7;Azenha;13867;13650;217;33;-71;104
172;4;7;Bom Fim;11370;11370;0;-104;-104;0
172;4;7;Centro;39350;39064;286;87;-44;131
172;4;7;Cidade Baixa;15204;15204;0;-83;-83;0
172;4;7;Farroupilha;972;788;184;10;-81;91
172;4;7;Floresta;11445;11445;0;-73;-73;0
172;4;7;Independência;8159;7959;200;26;-71;97
172;4;7;Menino Deus;31765;31529;236;37;-59;96
172;4;7;Moinhos de Vento;12007;11817;190;29;-59;88
172;4;7;Praia de Belas;2149;2149;0;-61;-61;0
172;4;7;Rio Branco;17615;17378;237;47;-71;118
172;4;7;Santa Cecília;5778;5601;177;11;-78;89
172;4;7;Santana;20808;20569;239;41;-72;113
173;5;7;Azenha;13849;13639;210;-18;-11;-7
173;5;7;Bom Fim;11363;11363;0;-7;-7;0
173;5;7;Centro;39353;39060;293;3;-4;7
173;5;7;Cidade Baixa;15196;15196;0;-8;-8;0
173;5;7;Farroupilha;967;781;186;-5;-7;2
173;5;7;Floresta;11440;11440;0;-5;-5;0
173;5;7;Independência;8162;7954;208;3;-5;8
173;5;7;Menino Deus;31816;31527;289;51;-2;53
173;5;7;Moinhos de Vento;12020;11816;204;13;-1;14
173;5;7;Praia de Belas;2141;2141;0;-8;-8;0
173;5;7;Rio Branco;17600;17371;229;-15;-7;-8
173;5;7;Santa Cecília;5779;5597;182;1;-4;5
173;5;7;Santana;20803;20564;239;-5;-5;0
174;6;7;Azenha;13847;13652;195;-2;13;-15
174;6;7;Bom Fim;11376;11376;0;13;13;0
174;6;7;Centro;39321;39066;255;-32;6;-38
174;6;7;Cidade Baixa;15211;15211;0;15;15;0
174;6;7;Farroupilha;981;794;187;14;13;1
174;6;7;Floresta;11451;11451;0;11;11;0
174;6;7;Independência;8159;7965;194;-3;11;-14
174;6;7;Menino Deus;31782;31536;246;-34;9;-43
174;6;7;Moinhos de Vento;12011;11822;189;-9;6;-15
174;6;7;Praia de Belas;2153;2153;0;12;12;0
174;6;7;Rio Branco;17613;17384;229;13;13;0
174;6;7;Santa Cecília;5782;5607;175;3;10;-7
174;6;7;Santana;20802;20575;227;-1;11;-12
175;7;7;Azenha;13863;13635;228;16;-17;33
175;7;7;Bom Fim;11352;11352;0;-24;-24;0
175;7;7;Centro;39353;39055;298;32;-11;43
175;7;7;Cidade Baixa;15191;15191;0;-20;-20;0
175;7;7;Farroupilha;966;777;189;-15;-17;2
175;7;7;Floresta;11435;11435;0;-16;-16;0
175;7;7;Independência;8165;7950;215;6;-15;21
175;7;7;Menino Deus;31802;31522;280;20;-14;34
175;7;7;Moinhos de Vento;12020;11810;210;9;-12;21
175;7;7;Praia de Belas;2138;2138;0;-15;-15;0
175;7;7;Rio Branco;17609;17367;242;-4;-17;13
175;7;7;Santa Cecília;5775;5591;184;-7;-16;9
175;7;7;Santana;20820;20562;258;18;-13;31
176;8;7;Azenha;13884;13536;348;21;-99;120
176;8;7;Bom Fim;11223;11223;0;-129;-129;0
176;8;7;Centro;39501;38998;503;148;-57;205
176;8;7;Cidade Baixa;15079;15079;0;-112;-112;0
176;8;7;Farroupilha;951;670;281;-15;-107;92
176;8;7;Floresta;11343;11343;0;-92;-92;0
176;8;7;Independência;8176;7854;322;11;-96;107
176;8;7;Menino Deus;31922;31451;471;120;-71;191
176;8;7;Moinhos de Vento;12064;11737;327;44;-73;117
176;8;7;Praia de Belas;2050;2050;0;-88;-88;0
176;8;7;Rio Branco;17670;17276;394;61;-91;152
176;8;7;Santa Cecília;5785;5492;293;10;-99;109
176;8;7;Santana;20841;20467;374;21;-95;116
177;9;7;Azenha;13876;13533;343;-8;-3;-5
177;9;7;Bom Fim;11217;11217;0;-6;-6;0
177;9;7;Centro;39490;38997;493;-11;-1;-10
177;9;7;Cidade Baixa;15079;15079;0;0;0;0
177;9;7;Farroupilha;949;665;284;-2;-5;3
177;9;7;Floresta;11340;11340;0;-3;-3;0
177;9;7;Independência;8181;7853;328;5;-1;6
177;9;7;Menino Deus;31891;31448;443;-31;-3;-28
177;9;7;Moinhos de Vento;12046;11734;312;-18;-3;-15
177;9;7;Praia de Belas;2050;2050;0;0;0;0
177;9;7;Rio Branco;17692;17275;417;22;-1;23
177;9;7;Santa Cecília;5781;5484;297;-4;-8;4
177;9;7;Santana;20897;20470;427;56;3;53
178;10;7;Azenha;13859;13519;340;-17;-14;-3
178;10;7;Bom Fim;11209;11209;0;-8;-8;0
178;10;7;Centro;39478;38991;487;-12;-6;-6
178;10;7;Cidade Baixa;15070;15070;0;-9;-9;0
178;10;7;Farroupilha;946;658;288;-3;-7;4
178;10;7;Floresta;11333;11333;0;-7;-7;0
178;10;7;Independência;8183;7846;337;2;-7;9
178;10;7;Menino Deus;31935;31447;488;44;-1;45
178;10;7;Moinhos de Vento;12070;11731;339;24;-3;27
178;10;7;Praia de Belas;2040;2040;0;-10;-10;0
178;10;7;Rio Branco;17668;17265;403;-24;-10;-14
178;10;7;Santa Cecília;5785;5477;308;4;-7;11
178;10;7;Santana;20913;20462;451;16;-8;24
179;11;7;Azenha;13862;13529;333;3;10;-7
179;11;7;Bom Fim;11216;11216;0;7;7;0
179;11;7;Centro;39455;38994;461;-23;3;-26
179;11;7;Cidade Baixa;15078;15078;0;8;8;0
179;11;7;Farroupilha;960;670;290;14;12;2
179;11;7;Floresta;11340;11340;0;7;7;0
179;11;7;Independência;8200;7854;346;17;8;9
179;11;7;Menino Deus;31956;31455;501;21;8;13
179;11;7;Moinhos de Vento;12075;11736;339;5;5;0
179;11;7;Praia de Belas;2047;2047;0;7;7;0
179;11;7;Rio Branco;17668;17273;395;0;8;-8
179;11;7;Santa Cecília;5789;5493;296;4;16;-12
179;11;7;Santana;20843;20465;378;-70;3;-73
180;12;7;Azenha;13919;13472;447;57;-57;114
180;12;7;Bom Fim;11126;11126;0;-90;-90;0
180;12;7;Centro;39545;38957;588;90;-37;127
180;12;7;Cidade Baixa;15005;15005;0;-73;-73;0
180;12;7;Farroupilha;985;603;382;25;-67;92
180;12;7;Floresta;11281;11281;0;-59;-59;0
180;12;7;Independência;8219;7793;426;19;-61;80
180;12;7;Menino Deus;31962;31399;563;6;-56;62
180;12;7;Moinhos de Vento;12083;11688;395;8;-48;56
180;12;7;Praia de Belas;1993;1993;0;-54;-54;0
180;12;7;Rio Branco;17676;17209;467;8;-64;72
180;12;7;Santa Cecília;5796;5424;372;7;-69;76
180;12;7;Santana;20899;20403;496;56;-62;118
181;13;7;Azenha;13916;13452;464;-3;-20;17
181;13;7;Bom Fim;11108;11108;0;-18;-18;0
181;13;7;Centro;39517;38947;570;-28;-10;-18
181;13;7;Cidade Baixa;14990;14990;0;-15;-15;0
181;13;7;Farroupilha;968;584;384;-17;-19;2
181;13;7;Floresta;11267;11267;0;-14;-14;0
181;13;7;Independência;8216;7778;438;-3;-15;12
181;13;7;Menino Deus;32009;31389;620;47;-10;57
181;13;7;Moinhos de Vento;12085;11675;410;2;-13;15
181;13;7;Praia de Belas;1979;1979;0;-14;-14;0
181;13;7;Rio Branco;17716;17197;519;40;-12;52
181;13;7;Santa Cecília;5800;5404;396;4;-20;24
181;13;7;Santana;20918;20389;529;19;-14;33
182;14;7;Azenha;13947;13451;496;31;-1;32
182;14;7;Bom Fim;11094;11094;0;-14;-14;0
182;14;7;Centro;39545;38941;604;28;-6;34
182;14;7;Cidade Baixa;14981;14981;0;-9;-9;0
182;14;7;Farroupilha;960;574;386;-8;-10;2
182;14;7;Floresta;11255;11255;0;-12;-12;0
182;14;7;Independência;8225;7766;459;9;-12;21
182;14;7;Menino Deus;31983;31380;603;-26;-9;-17
182;14;7;Moinhos de Vento;12111;11669;442;26;-6;32
182;14;7;Praia de Belas;1973;1973;0;-6;-6;0
182;14;7;Rio Branco;17713;17188;525;-3;-9;6
182;14;7;Santa Cecília;5785;5396;389;-15;-8;-7
182;14;7;Santana;20917;20381;536;-1;-8;7
183;15;7;Azenha;13883;13416;467;-64;-35;-29
183;15;7;Bom Fim;11053;11053;0;-41;-41;0
183;15;7;Centro;39730;38932;798;185;-9;194
183;15;7;Cidade Baixa;14942;14942;0;-39;-39;0
183;15;7;Farroupilha;930;539;391;-30;-35;5
183;15;7;Floresta;11225;11225;0;-30;-30;0
183;15;7;Independência;8190;7729;461;-35;-37;2
183;15;7;Menino Deus;32007;31362;645;24;-18;42
183;15;7;Moinhos de Vento;12098;11642;456;-13;-27;14
183;15;7;Praia de Belas;1943;1943;0;-30;-30;0
183;15;7;Rio Branco;17775;17166;609;62;-22;84
183;15;7;Santa Cecília;5775;5365;410;-10;-31;21
183;15;7;Santana;20938;20358;580;21;-23;44
184;16;7;Azenha;13923;13317;606;40;-99;139
184;16;7;Bom Fim;10937;10937;0;-116;-116;0
184;16;7;Centro;39698;38873;825;-32;-59;27
184;16;7;Cidade Baixa;14850;14850;0;-92;-92;0
184;16;7;Farroupilha;923;438;485;-7;-101;94
184;16;7;Floresta;11148;11148;0;-77;-77;0
184;16;7;Independência;8226;7651;575;36;-78;114
184;16;7;Menino Deus;32145;31299;846;138;-63;201
184;16;7;Moinhos de Vento;12142;11581;561;44;-61;105
184;16;7;Praia de Belas;1866;1866;0;-77;-77;0
184;16;7;Rio Branco;17812;17082;730;37;-84;121
184;16;7;Santa Cecília;5759;5263;496;-16;-102;86
184;16;7;Santana;21060;20276;784;122;-82;204
185;17;7;Azenha;13945;13360;585;22;43;-21
185;17;7;Bom Fim;10958;10958;0;21;21;0
185;17;7;Centro;39807;38893;914;109;20;89
185;17;7;Cidade Baixa;14869;14869;0;19;19;0
185;17;7;Farroupilha;949;465;484;26;27;-1
185;17;7;Floresta;11157;11157;0;9;9;0
185;17;7;Independência;8255;7669;586;29;18;11
185;17;7;Menino Deus;32022;31311;711;-123;12;-135
185;17;7;Moinhos de Vento;12172;11599;573;30;18;12
185;17;7;Praia de Belas;1888;1888;0;22;22;0
185;17;7;Rio Branco;17726;17095;631;-86;13;-99
185;17;7;Santa Cecília;5788;5299;489;29;36;-7
185;17;7;Santana;20953;20292;661;-107;16;-123
186;18;7;Azenha;13930;13376;554;-15;16;-31
186;18;7;Bom Fim;10997;10997;0;39;39;0
186;18;7;Centro;39587;38902;685;-220;9;-229
186;18;7;Cidade Baixa;14909;14909;0;40;40;0
186;18;7;Farroupilha;986;502;484;37;37;0
186;18;7;Floresta;11196;11196;0;39;39;0
186;18;7;Independência;8238;7702;536;-17;33;-50
186;18;7;Menino Deus;32057;31337;720;35;26;9
186;18;7;Moinhos de Vento;12122;11618;504;-50;19;-69
186;18;7;Praia de Belas;1914;1914;0;26;26;0
186;18;7;Rio Branco;17775;17127;648;49;32;17
186;18;7;Santa Cecília;5799;5321;478;11;22;-11
186;18;7;Santana;20979;20316;663;26;24;2
187;19;7;Azenha;13940;13391;549;10;15;-5
187;19;7;Bom Fim;11008;11008;0;11;11;0
187;19;7;Centro;39608;38907;701;21;5;16
187;19;7;Cidade Baixa;14917;14917;0;8;8;0
187;19;7;Farroupilha;998;515;483;12;13;-1
187;19;7;Floresta;11202;11202;0;6;6;0
187;19;7;Independência;8245;7709;536;7;7;0
187;19;7;Menino Deus;32028;31342;686;-29;5;-34
187;19;7;Moinhos de Vento;12130;11626;504;8;8;0
187;19;7;Praia de Belas;1924;1924;0;10;10;0
187;19;7;Rio Branco;17745;17133;612;-30;6;-36
187;19;7;Santa Cecília;5805;5336;469;6;15;-9
187;19;7;Santana;20939;20325;614;-40;9;-49
188;20;7;Azenha;13956;13366;590;16;-25;41
188;20;7;Bom Fim;10952;10952;0;-56;-56;0
188;20;7;Centro;39571;38885;686;-37;-22;-15
188;20;7;Cidade Baixa;14887;14887;0;-30;-30;0
188;20;7;Farroupilha;1054;480;574;56;-35;91
188;20;7;Floresta;11167;11167;0;-35;-35;0
188;20;7;Independência;8291;7676;615;46;-33;79
188;20;7;Menino Deus;31979;31314;665;-49;-28;-21
188;20;7;Moinhos de Vento;12182;11603;579;52;-23;75
188;20;7;Praia de Belas;1909;1909;0;-15;-15;0
188;20;7;Rio Branco;17724;17089;635;-21;-44;23
188;20;7;Santa Cecília;5848;5301;547;43;-35;78
188;20;7;Santana;20969;20293;676;30;-32;62
189;21;7;Azenha;13960;13391;569;4;25;-21
189;21;7;Bom Fim;10975;10975;0;23;23;0
189;21;7;Centro;39519;38895;624;-52;10;-62
189;21;7;Cidade Baixa;14911;14911;0;24;24;0
189;21;7;Farroupilha;1076;501;575;22;21;1
189;21;7;Floresta;11183;11183;0;16;16;0
189;21;7;Independência;8289;7693;596;-2;17;-19
189;21;7;Menino Deus;31939;31329;610;-40;15;-55
189;21;7;Moinhos de Vento;12172;11618;554;-10;15;-25
189;21;7;Praia de Belas;1928;1928;0;19;19;0
189;21;7;Rio Branco;17738;17109;629;14;20;-6
189;21;7;Santa Cecília;5861;5323;538;13;22;-9
189;21;7;Santana;20938;20309;629;-31;16;-47
190;22;7;Azenha;13974;13411;563;14;20;-6
190;22;7;Bom Fim;10998;10998;0;23;23;0
190;22;7;Centro;39473;38905;568;-46;10;-56
190;22;7;Cidade Baixa;14930;14930;0;19;19;0
190;22;7;Farroupilha;1100;524;576;24;23;1
190;22;7;Floresta;11202;11202;0;19;19;0
190;22;7;Independência;8292;7712;580;3;19;-16
190;22;7;Menino Deus;31925;31341;584;-14;12;-26
190;22;7;Moinhos de Vento;12159;11631;528;-13;13;-26
190;22;7;Praia de Belas;1944;1944;0;16;16;0
190;22;7;Rio Branco;17725;17126;599;-13;17;-30
190;22;7;Santa Cecília;5874;5345;529;13;22;-9
190;22;7;Santana;20893;20322;571;-45;13;-58
191;23;7;Azenha;13804;13804;0;-170;393;-563
191;23;7;Bom Fim;11593;11593;0;595;595;0
191;23;7;Centro;39154;39154;0;-319;249;-568
191;23;7;Cidade Baixa;15379;15379;0;449;449;0
191;23;7;Farroupilha;961;961;0;-139;437;-576
191;23;7;Floresta;11596;11596;0;394;394;0
191;23;7;Independência;8112;8112;0;-180;400;-580
191;23;7;Menino Deus;31650;31650;0;-275;309;-584
191;23;7;Moinhos de Vento;11937;11937;0;-222;306;-528
191;23;7;Praia de Belas;2281;2281;0;337;337;0
191;23;7;Rio Branco;17531;17531;0;-194;405;-599
191;23;7;Santa Cecília;5768;5768;0;-106;423;-529
191;23;7;Santana;20723;20723;0;-170;401;-571
192;0;8;Azenha;13828;13750;78;24;-54;78
192;0;8;Bom Fim;11509;11509;0;-84;-84;0
192;0;8;Centro;39188;39119;69;34;-35;69
192;0;8;Cidade Baixa;15318;15318;0;-61;-61;0
192;0;8;Farroupilha;989;900;89;28;-61;89
192;0;8;Floresta;11541;11541;0;-55;-55;0
192;0;8;Independência;8143;8057;86;31;-55;86
192;0;8;Menino Deus;31681;31606;75;31;-44;75
192;0;8;Moinhos de Vento;11970;11894;76;33;-43;76
192;0;8;Praia de Belas;2235;2235;0;-46;-46;0
192;0;8;Rio Branco;17554;17472;82;23;-59;82
192;0;8;Santa Cecília;5787;5708;79;19;-60;79
192;0;8;Santana;20746;20666;80;23;-57;80
193;1;8;Azenha;13829;13717;112;1;-33;34
193;1;8;Bom Fim;11474;11474;0;-35;-35;0
193;1;8;Centro;39255;39105;150;67;-14;81
193;1;8;Cidade Baixa;15286;15286;0;-32;-32;0
193;1;8;Farroupilha;956;866;90;-33;-34;1
193;1;8;Floresta;11518;11518;0;-23;-23;0
193;1;8;Independência;8127;8030;97;-16;-27;11
193;1;8;Menino Deus;31743;31587;156;62;-19;81
193;1;8;Moinhos de Vento;11976;11876;100;6;-18;24
193;1;8;Praia de Belas;2208;2208;0;-27;-27;0
193;1;8;Rio Branco;17576;17451;125;22;-21;43
193;1;8;Santa Cecília;5759;5674;85;-28;-34;6
193;1;8;Santana;20782;20642;140;36;-24;60
194;2;8;Azenha;13820;13714;106;-9;-3;-6
194;2;8;Bom Fim;11471;11471;0;-3;-3;0
194;2;8;Centro;39261;39105;156;6;0;6
194;2;8;Cidade Baixa;15284;15284;0;-2;-2;0
194;2;8;Farroupilha;958;866;92;2;0;2
194;2;8;Floresta;11517;11517;0;-1;-1;0
194;2;8;Independência;8124;8027;97;-3;-3;0
194;2;8;Menino Deus;31751;31587;164;8;0;8
194;2;8;Moinhos de Vento;11976;11874;102;0;-2;2
194;2;8;Praia de Belas;2207;2207;0;-1;-1;0
194;2;8;Rio Branco;17578;17449;129;2;-2;4
194;2;8;Santa Cecília;5763;5673;90;4;-1;5
194;2;8;Santana;20779;20641;138;-3;-1;-2
195;3;8;Azenha;13834;13721;113;14;7;7
195;3;8;Bom Fim;11474;11474;0;3;3;0
195;3;8;Centro;39263;39108;155;2;3;-1
195;3;8;Cidade Baixa;15287;15287;0;3;3;0
195;3;8;Farroupilha;962;869;93;4;3;1
195;3;8;Floresta;11518;11518;0;1;1;0
195;3;8;Independência;8133;8030;103;9;3;6
195;3;8;Menino Deus;31728;31588;140;-23;1;-24
195;3;8;Moinhos de Vento;11978;11876;102;2;2;0
195;3;8;Praia de Belas;2210;2210;0;3;3;0
195;3;8;Rio Branco;17568;17449;119;-10;0;-10
195;3;8;Santa Cecília;5767;5679;88;4;6;-2
195;3;8;Santana;20767;20641;126;-12;0;-12
196;4;8;Azenha;13867;13650;217;33;-71;104
196;4;8;Bom Fim;11370;11370;0;-104;-104;0
196;4;8;Centro;39350;39064;286;87;-44;131
196;4;8;Cidade Baixa;15204;15204;0;-83;-83;0
196;4;8;Farroupilha;972;788;184;10;-81;91
196;4;8;Floresta;11445;11445;0;-73;-73;0
196;4;8;Independência;8159;7959;200;26;-71;97
196;4;8;Menino Deus;31765;31529;236;37;-59;96
196;4;8;Moinhos de Vento;12007;11817;190;29;-59;88
196;4;8;Praia de Belas;2149;2149;0;-61;-61;0
196;4;8;Rio Branco;17615;17378;237;47;-71;118
196;4;8;Santa Cecília;5778;5601;177;11;-78;89
196;4;8;Santana;20808;20569;239;41;-72;113
197;5;8;Azenha;13849;13639;210;-18;-11;-7
197;5;8;Bom Fim;11363;11363;0;-7;-7;0
197;5;8;Centro;39353;39060;293;3;-4;7
197;5;8;Cidade Baixa;15196;15196;0;-8;-8;0
197;5;8;Farroupilha;967;781;186;-5;-7;2
197;5;8;Floresta;11440;11440;0;-5;-5;0
197;5;8;Independência;8162;7954;208;3;-5;8
197;5;8;Menino Deus;31816;31527;289;51;-2;53
197;5;8;Moinhos de Vento;12020;11816;204;13;-1;14
197;5;8;Praia de Belas;2141;2141;0;-8;-8;0
197;5;8;Rio Branco;17600;17371;229;-15;-7;-8
197;5;8;Santa Cecília;5779;5597;182;1;-4;5
197;5;8;Santana;20803;20564;239;-5;-5;0
198;6;8;Azenha;13847;13652;195;-2;13;-15
198;6;8;Bom Fim;11376;11376;0;13;13;0
198;6;8;Centro;39321;39066;255;-32;6;-38
198;6;8;Cidade Baixa;15211;15211;0;15;15;0
198;6;8;Farroupilha;981;794;187;14;13;1
198;6;8;Floresta;11451;11451;0;11;11;0
198;6;8;Independência;8159;7965;194;-3;11;-14
198;6;8;Menino Deus;31782;31536;246;-34;9;-43
198;6;8;Moinhos de Vento;12011;11822;189;-9;6;-15
198;6;8;Praia de Belas;2153;2153;0;12;12;0
198;6;8;Rio Branco;17613;17384;229;13;13;0
198;6;8;Santa Cecília;5782;5607;175;3;10;-7
198;6;8;Santana;20802;20575;227;-1;11;-12
199;7;8;Azenha;13863;13635;228;16;-17;33
199;7;8;Bom Fim;11352;11352;0;-24;-24;0
199;7;8;Centro;39353;39055;298;32;-11;43
199;7;8;Cidade Baixa;15191;15191;0;-20;-20;0
199;7;8;Farroupilha;966;777;189;-15;-17;2
199;7;8;Floresta;11435;11435;0;-16;-16;0
199;7;8;Independência;8165;7950;215;6;-15;21
199;7;8;Menino Deus;31802;31522;280;20;-14;34
199;7;8;Moinhos de Vento;12020;11810;210;9;-12;21
199;7;8;Praia de Belas;2138;2138;0;-15;-15;0
199;7;8;Rio Branco;17609;17367;242;-4;-17;13
199;7;8;Santa Cecília;5775;5591;184;-7;-16;9
199;7;8;Santana;20820;20562;258;18;-13;31
200;8;8;Azenha;13884;13536;348;21;-99;120
200;8;8;Bom Fim;11223;11223;0;-129;-129;0
200;8;8;Centro;39501;38998;503;148;-57;205
200;8;8;Cidade Baixa;15079;15079;0;-112;-112;0
200;8;8;Farroupilha;951;670;281;-15;-107;92
200;8;8;Floresta;11343;11343;0;-92;-92;0
200;8;8;Independência;8176;7854;322;11;-96;107
200;8;8;Menino Deus;31922;31451;471;120;-71;191
200;8;8;Moinhos de Vento;12064;11737;327;44;-73;117
200;8;8;Praia de Belas;2050;2050;0;-88;-88;0
200;8;8;Rio Branco;17670;17276;394;61;-91;152
200;8;8;Santa Cecília;5785;5492;293;10;-99;109
200;8;8;Santana;20841;20467;374;21;-95;116
201;9;8;Azenha;13876;13533;343;-8;-3;-5
201;9;8;Bom Fim;11217;11217;0;-6;-6;0
201;9;8;Centro;39490;38997;493;-11;-1;-10
201;9;8;Cidade Baixa;15079;15079;0;0;0;0
201;9;8;Farroupilha;949;665;284;-2;-5;3
201;9;8;Floresta;11340;11340;0;-3;-3;0
201;9;8;Independência;8181;7853;328;5;-1;6
201;9;8;Menino Deus;31891;31448;443;-31;-3;-28
201;9;8;Moinhos de Vento;12046;11734;312;-18;-3;-15
201;9;8;Praia de Belas;2050;2050;0;0;0;0
201;9;8;Rio Branco;17692;17275;417;22;-1;23
201;9;8;Santa Cecília;5781;5484;297;-4;-8;4
201;9;8;Santana;20897;20470;427;56;3;53
202;10;8;Azenha;13859;13519;340;-17;-14;-3
202;10;8;Bom Fim;11209;11209;0;-8;-8;0
202;10;8;Centro;39478;38991;487;-12;-6;-6
202;10;8;Cidade Baixa;15070;15070;0;-9;-9;0
202;10;8;Farroupilha;946;658;288;-3;-7;4
202;10;8;Floresta;11333;11333;0;-7;-7;0
202;10;8;Independência;8183;7846;337;2;-7;9
202;10;8;Menino Deus;31935;31447;488;44;-1;45
202;10;8;Moinhos de Vento;12070;11731;339;24;-3;27
202;10;8;Praia de Belas;2040;2040;0;-10;-10;0
202;10;8;Rio Branco;17668;17265;403;-24;-10;-14
202;10;8;Santa Cecília;5785;5477;308;4;-7;11
202;10;8;Santana;20913;20462;451;16;-8;24
203;11;8;Azenha;13862;13529;333;3;10;-7
203;11;8;Bom Fim;11216;11216;0;7;7;0
203;11;8;Centro;39455;38994;461;-23;3;-26
203;11;8;Cidade Baixa;15078;15078;0;8;8;0
203;11;8;Farroupilha;960;670;290;14;12;2
203;11;8;Floresta;11340;11340;0;7;7;0
203;11;8;Independência;8200;7854;346;17;8;9
203;11;8;Menino Deus;31956;31455;501;21;8;13
203;11;8;Moinhos de Vento;12075;11736;339;5;5;0
203;11;8;Praia de Belas;2047;2047;0;7;7;0
203;11;8;Rio Branco;17668;17273;395;0;8;-8
203;11;8;Santa Cecília;5789;5493;296;4;16;-12
203;11;8;Santana;20843;20465;378;-70;3;-73
204;12;8;Azenha;13919;13472;447;57;-57;114
204;12;8;Bom Fim;11126;11126;0;-90;-90;0
204;12;8;Centro;39545;38957;588;90;-37;127
204;12;8;Cidade Baixa;15005;15005;0;-73;-73;0
204;12;8;Farroupilha;985;603;382;25;-67;92
204;12;8;Floresta;11281;11281;0;-59;-59;0
204;12;8;Independência;8219;7793;426;19;-61;80
204;12;8;Menino Deus;31962;31399;563;6;-56;62
204;12;8;Moinhos de Vento;12083;11688;395;8;-48;56
204;12;8;Praia de Belas;1993;1993;0;-54;-54;0
204;12;8;Rio Branco;17676;17209;467;8;-64;72
204;12;8;Santa Cecília;5796;5424;372;7;-69;76
204;12;8;Santana;20899;20403;496;56;-62;118
205;13;8;Azenha;13916;13452;464;-3;-20;17
205;13;8;Bom Fim;11108;11108;0;-18;-18;0
205;13;8;Centro;39517;38947;570;-28;-10;-18
205;13;8;Cidade Baixa;14990;14990;0;-15;-15;0
205;13;8;Farroupilha;968;584;384;-17;-19;2
205;13;8;Floresta;11267;11267;0;-14;-14;0
205;13;8;Independência;8216;7778;438;-3;-15;12
205;13;8;Menino Deus;32009;31389;620;47;-10;57
205;13;8;Moinhos de Vento;12085;11675;410;2;-13;15
205;13;8;Praia de Belas;1979;1979;0;-14;-14;0
205;13;8;Rio Branco;17716;17197;519;40;-12;52
205;13;8;Santa Cecília;5800;5404;396;4;-20;24
205;13;8;Santana;20918;20389;529;19;-14;33
206;14;8;Azenha;13947;13451;496;31;-1;32
206;14;8;Bom Fim;11094;11094;0;-14;-14;0
206;14;8;Centro;39545;38941;604;28;-6;34
206;14;8;Cidade Baixa;14981;14981;0;-9;-9;0
206;14;8;Farroupilha;960;574;386;-8;-10;2
206;14;8;Floresta;11255;11255;0;-12;-12;0
206;14;8;Independência;8225;7766;459;9;-12;21
206;14;8;Menino Deus;31983;31380;603;-26;-9;-17
206;14;8;Moinhos de Vento;12111;11669;442;26;-6;32
206;14;8;Praia de Belas;1973;1973;0;-6;-6;0
206;14;8;Rio Branco;17713;17188;525;-3;-9;6
206;14;8;Santa Cecília;5785;5396;389;-15;-8;-7
206;14;8;Santana;20917;20381;536;-1;-8;7
207;15;8;Azenha;13883;13416;467;-64;-35;-29
207;15;8;Bom Fim;11053;11053;0;-41;-41;0
207;15;8;Centro;39730;38932;798;185;-9;194
207;15;8;Cidade Baixa;14942;14942;0;-39;-39;0
207;15;8;Farroupilha;930;539;391;-30;-35;5
207;15;8;Floresta;11225;11225;0;-30;-30;0
207;15;8;Independência;8190;7729;461;-35;-37;2
207;15;8;Menino Deus;32007;31362;645;24;-18;42
207;15;8;Moinhos de Vento;12098;11642;456;-13;-27;14
207;15;8;Praia de Belas;1943;1943;0;-30;-30;0
207;15;8;Rio Branco;17775;17166;609;62;-22;84
207;15;8;Santa Cecília;5775;5365;410;-10;-31;21
207;15;8;Santana;20938;20358;580;21;-23;44
208;16;8;Azenha;13923;13317;606;40;-99;139
208;16;8;Bom Fim;10937;10937;0;-116;-116;0
208;16;8;Centro;39698;38873;825;-32;-59;27
208;16;8;Cidade Baixa;14850;14850;0;-92;-92;0
208;16;8;Farroupilha;922;437;485;-8;-102;94
208;16;8;Floresta;11148;11148;0;-77;-77;0
208;16;8;Independência;8227;7651;576;37;-78;115
208;16;8;Menino Deus;32145;31299;846;138;-63;201
208;16;8;Moinhos de Vento;12143;11581;562;45;-61;106
208;16;8;Praia de Belas;1866;1866;0;-77;-77;0
208;16;8;Rio Branco;17811;17082;729;36;-84;120
208;16;8;Santa Cecília;5759;5263;496;-16;-102;86
208;16;8;Santana;21060;20276;784;122;-82;204
209;17;8;Azenha;13945;13360;585;22;43;-21
209;17;8;Bom Fim;10958;10958;0;21;21;0
209;17;8;Centro;39807;38893;914;109;20;89
209;17;8;Cidade Baixa;14869;14869;0;19;19;0
209;17;8;Farroupilha;948;464;484;26;27;-1
209;17;8;Floresta;11157;11157;0;9;9;0
209;17;8;Independência;8256;7669;587;29;18;11
209;17;8;Menino Deus;32022;31311;711;-123;12;-135
209;17;8;Moinhos de Vento;12173;11599;574;30;18;12
209;17;8;Praia de Belas;1888;1888;0;22;22;0
209;17;8;Rio Branco;17725;17095;630;-86;13;-99
209;17;8;Santa Cecília;5788;5299;489;29;36;-7
209;17;8;Santana;20953;20292;661;-107;16;-123
210;18;8;Azenha;13930;13376;554;-15;16;-31
210;18;8;Bom Fim;10997;10997;0;39;39;0
210;18;8;Centro;39587;38902;685;-220;9;-229
210;18;8;Cidade Baixa;14909;14909;0;40;40;0
210;18;8;Farroupilha;984;500;484;36;36;0
210;18;8;Floresta;11196;11196;0;39;39;0
210;18;8;Independência;8239;7702;537;-17;33;-50
210;18;8;Menino Deus;32057;31337;720;35;26;9
210;18;8;Moinhos de Vento;12123;11618;505;-50;19;-69
210;18;8;Praia de Belas;1914;1914;0;26;26;0
210;18;8;Rio Branco;17775;17127;648;50;32;18
210;18;8;Santa Cecília;5799;5321;478;11;22;-11
210;18;8;Santana;20979;20316;663;26;24;2
211;19;8;Azenha;13940;13391;549;10;15;-5
211;19;8;Bom Fim;11008;11008;0;11;11;0
211;19;8;Centro;39608;38907;701;21;5;16
211;19;8;Cidade Baixa;14917;14917;0;8;8;0
211;19;8;Farroupilha;996;513;483;12;13;-1
211;19;8;Floresta;11202;11202;0;6;6;0
211;19;8;Independência;8246;7709;537;7;7;0
211;19;8;Menino Deus;32028;31342;686;-29;5;-34
211;19;8;Moinhos de Vento;12131;11626;505;8;8;0
211;19;8;Praia de Belas;1924;1924;0;10;10;0
211;19;8;Rio Branco;17745;17133;612;-30;6;-36
211;19;8;Santa Cecília;5805;5336;469;6;15;-9
211;19;8;Santana;20939;20325;614;-40;9;-49
212;20;8;Azenha;13956;13366;590;16;-25;41
212;20;8;Bom Fim;10952;10952;0;-56;-56;0
212;20;8;Centro;39571;38885;686;-37;-22;-15
212;20;8;Cidade Baixa;14887;14887;0;-30;-30;0
212;20;8;Farroupilha;1052;478;574;56;-35;91
212;20;8;Floresta;11167;11167;0;-35;-35;0
212;20;8;Independência;8292;7676;616;46;-33;79
212;20;8;Menino Deus;31979;31314;665;-49;-28;-21
212;20;8;Moinhos de Vento;12183;11603;580;52;-23;75
212;20;8;Praia de Belas;1909;1909;0;-15;-15;0
212;20;8;Rio Branco;17724;17089;635;-21;-44;23
212;20;8;Santa Cecília;5848;5301;547;43;-35;78
212;20;8;Santana;20969;20293;676;30;-32;62
213;21;8;Azenha;13960;13391;569;4;25;-21
213;21;8;Bom Fim;10975;10975;0;23;23;0
213;21;8;Centro;39519;38895;624;-52;10;-62
213;21;8;Cidade Baixa;14911;14911;0;24;24;0
213;21;8;Farroupilha;1074;499;575;22;21;1
213;21;8;Floresta;11183;11183;0;16;16;0
213;21;8;Independência;8290;7693;597;-2;17;-19
213;21;8;Menino Deus;31939;31329;610;-40;15;-55
213;21;8;Moinhos de Vento;12173;11618;555;-10;15;-25
213;21;8;Praia de Belas;1928;1928;0;19;19;0
213;21;8;Rio Branco;17738;17109;629;14;20;-6
213;21;8;Santa Cecília;5861;5323;538;13;22;-9
213;21;8;Santana;20938;20309;629;-31;16;-47
214;22;8;Azenha;13974;13411;563;14;20;-6
214;22;8;Bom Fim;10998;10998;0;23;23;0
214;22;8;Centro;39473;38905;568;-46;10;-56
214;22;8;Cidade Baixa;14930;14930;0;19;19;0
214;22;8;Farroupilha;1099;523;576;25;24;1
214;22;8;Floresta;11202;11202;0;19;19;0
214;22;8;Independência;8293;7712;581;3;19;-16
214;22;8;Menino Deus;31925;31341;584;-14;12;-26
214;22;8;Moinhos de Vento;12159;11631;528;-14;13;-27
214;22;8;Praia de Belas;1944;1944;0;16;16;0
214;22;8;Rio Branco;17725;17126;599;-13;17;-30
214;22;8;Santa Cecília;5874;5345;529;13;22;-9
214;22;8;Santana;20893;20322;571;-45;13;-58
215;23;8;Azenha;13804;13804;0;-170;393;-563
215;23;8;Bom Fim;11593;11593;0;595;595;0
215;23;8;Centro;39154;39154;0;-319;249;-568
215;23;8;Cidade Baixa;15379;15379;0;449;449;0
215;23;8;Farroupilha;961;961;0;-138;438;-576
215;23;8;Floresta;11596;11596;0;394;394;0
215;23;8;Independência;8112;8112;0;-181;400;-581
215;23;8;Menino Deus;31650;31650;0;-275;309;-584
215;23;8;Moinhos de Vento;11937;11937;0;-222;306;-528
215;23;8;Praia de Belas;2281;2281;0;337;337;0
215;23;8;Rio Branco;17531;17531;0;-194;405;-599
215;23;8;Santa Cecília;5768;5768;0;-106;423;-529
215;23;8;Santana;20723;20723;0;-170;401;-571
216;0;9;Azenha;13828;13750;78;24;-54;78
216;0;9;Bom Fim;11509;11509;0;-84;-84;0
216;0;9;Centro;39188;39119;69;34;-35;69
216;0;9;Cidade Baixa;15318;15318;0;-61;-61;0
216;0;9;Farroupilha;989;900;89;28;-61;89
216;0;9;Floresta;11541;11541;0;-55;-55;0
216;0;9;Independência;8143;8057;86;31;-55;86
216;0;9;Menino Deus;31681;31606;75;31;-44;75
216;0;9;Moinhos de Vento;11970;11894;76;33;-43;76
216;0;9;Praia de Belas;2235;2235;0;-46;-46;0
216;0;9;Rio Branco;17554;17472;82;23;-59;82
216;0;9;Santa Cecília;5787;5708;79;19;-60;79
216;0;9;Santana;20746;20666;80;23;-57;80
217;1;9;Azenha;13829;13717;112;1;-33;34
217;1;9;Bom Fim;11474;11474;0;-35;-35;0
217;1;9;Centro;39255;39105;150;67;-14;81
217;1;9;Cidade Baixa;15286;15286;0;-32;-32;0
217;1;9;Farroupilha;956;866;90;-33;-34;1
217;1;9;Floresta;11518;11518;0;-23;-23;0
217;1;9;Independência;8127;8030;97;-16;-27;11
217;1;9;Menino Deus;31743;31587;156;62;-19;81
217;1;9;Moinhos de Vento;11976;11876;100;6;-18;24
217;1;9;Praia de Belas;2208;2208;0;-27;-27;0
217;1;9;Rio Branco;17576;17451;125;22;-21;43
217;1;9;Santa Cecília;5759;5674;85;-28;-34;6
217;1;9;Santana;20782;20642;140;36;-24;60
218;2;9;Azenha;13820;13714;106;-9;-3;-6
218;2;9;Bom Fim;11471;11471;0;-3;-3;0
218;2;9;Centro;39261;39105;156;6;0;6
218;2;9;Cidade Baixa;15284;15284;0;-2;-2;0
218;2;9;Farroupilha;958;866;92;2;0;2
218;2;9;Floresta;11517;11517;0;-1;-1;0
218;2;9;Independência;8124;8027;97;-3;-3;0
218;2;9;Menino Deus;31751;31587;164;8;0;8
218;2;9;Moinhos de Vento;11976;11874;102;0;-2;2
218;2;9;Praia de Belas;2207;2207;0;-1;-1;0
218;2;9;Rio Branco;17578;17449;129;2;-2;4
218;2;9;Santa Cecília;5763;5673;90;4;-1;5
218;2;9;Santana;20779;20641;138;-3;-1;-2
219;3;9;Azenha;13834;13721;113;14;7;7
219;3;9;Bom Fim;11474;11474;0;3;3;0
219;3;9;Centro;39263;39108;155;2;3;-1
219;3;9;Cidade Baixa;15287;15287;0;3;3;0
219;3;9;Farroupilha;962;869;93;4;3;1
219;3;9;Floresta;11518;11518;0;1;1;0
219;3;9;Independência;8133;8030;103;9;3;6
219;3;9;Menino Deus;31728;31588;140;-23;1;-24
219;3;9;Moinhos de Vento;11978;11876;102;2;2;0
219;3;9;Praia de Belas;2210;2210;0;3;3;0
219;3;9;Rio Branco;17568;17449;119;-10;0;-10
219;3;9;Santa Cecília;5767;5679;88;4;6;-2
219;3;9;Santana;20767;20641;126;-12;0;-12
220;4;9;Azenha;13867;13650;217;33;-71;104
220;4;9;Bom Fim;11370;11370;0;-104;-104;0
220;4;9;Centro;39350;39064;286;87;-44;131
220;4;9;Cidade Baixa;15204;15204;0;-83;-83;0
220;4;9;Farroupilha;972;788;184;10;-81;91
220;4;9;Floresta;11445;11445;0;-73;-73;0
220;4;9;Independência;8159;7959;200;26;-71;97
220;4;9;Menino Deus;31765;31529;236;37;-59;96
220;4;9;Moinhos de Vento;12007;11817;190;29;-59;88
220;4;9;Praia de Belas;2149;2149;0;-61;-61;0
220;4;9;Rio Branco;17615;17378;237;47;-71;118
220;4;9;Santa Cecília;5778;5601;177;11;-78;89
220;4;9;Santana;20808;20569;239;41;-72;113
221;5;9;Azenha;13849;13639;210;-18;-11;-7
221;5;9;Bom Fim;11363;11363;0;-7;-7;0
221;5;9;Centro;39353;39060;293;3;-4;7
221;5;9;Cidade Baixa;15196;15196;0;-8;-8;0
221;5;9;Farroupilha;967;781;186;-5;-7;2
221;5;9;Floresta;11440;11440;0;-5;-5;0
221;5;9;Independência;8162;7954;208;3;-5;8
221;5;9;Menino Deus;31816;31527;289;51;-2;53
221;5;9;Moinhos de Vento;12020;11816;204;13;-1;14
221;5;9;Praia de Belas;2141;2141;0;-8;-8;0
221;5;9;Rio Branco;17600;17371;229;-15;-7;-8
221;5;9;Santa Cecília;5779;5597;182;1;-4;5
221;5;9;Santana;20803;20564;239;-5;-5;0
222;6;9;Azenha;13847;13652;195;-2;13;-15
222;6;9;Bom Fim;11376;11376;0;13;13;0
222;6;9;Centro;39321;39066;255;-32;6;-38
222;6;9;Cidade Baixa;15211;15211;0;15;15;0
222;6;9;Farroupilha;981;794;187;14;13;1
222;6;9;Floresta;11451;11451;0;11;11;0
222;6;9;Independência;8159;7965;194;-3;11;-14
222;6;9;Menino Deus;31782;31536;246;-34;9;-43
222;6;9;Moinhos de Vento;12011;11822;189;-9;6;-15
222;6;9;Praia de Belas;2153;2153;0;12;12;0
222;6;9;Rio Branco;17613;17384;229;13;13;0
222;6;9;Santa Cecília;5782;5607;175;3;10;-7
222;6;9;Santana;20802;20575;227;-1;11;-12
223;7;9;Azenha;13863;13635;228;16;-17;33
223;7;9;Bom Fim;11352;11352;0;-24;-24;0
223;7;9;Centro;39353;39055;298;32;-11;43
223;7;9;Cidade Baixa;15191;15191;0;-20;-20;0
223;7;9;Farroupilha;966;777;189;-15;-17;2
223;7;9;Floresta;11435;11435;0;-16;-16;0
223;7;9;Independência;8165;7950;215;6;-15;21
223;7;9;Menino Deus;31802;31522;280;20;-14;34
223;7;9;Moinhos de Vento;12020;11810;210;9;-12;21
223;7;9;Praia de Belas;2138;2138;0;-15;-15;0
223;7;9;Rio Branco;17609;17367;242;-4;-17;13
223;7;9;Santa Cecília;5775;5591;184;-7;-16;9
223;7;9;Santana;20820;20562;258;18;-13;31
224;8;9;Azenha;13884;13536;348;21;-99;120
224;8;9;Bom Fim;11223;11223;0;-129;-129;0
224;8;9;Centro;39501;38998;503;148;-57;205
224;8;9;Cidade Baixa;15079;15079;0;-112;-112;0
224;8;9;Farroupilha;951;670;281;-15;-107;92
224;8;9;Floresta;11343;11343;0;-92;-92;0
224;8;9;Independência;8176;7854;322;11;-96;107
224;8;9;Menino Deus;31922;31451;471;120;-71;191
224;8;9;Moinhos de Vento;12064;11737;327;44;-73;117
224;8;9;Praia de Belas;2050;2050;0;-88;-88;0
224;8;9;Rio Branco;17670;17276;394;61;-91;152
224;8;9;Santa Cecília;5785;5492;293;10;-99;109
224;8;9;Santana;20841;20467;374;21;-95;116
225;9;9;Azenha;13876;13533;343;-8;-3;-5
225;9;9;Bom Fim;11217;11217;0;-6;-6;0
225;9;9;Centro;39490;38997;493;-11;-1;-10
225;9;9;Cidade Baixa;15079;15079;0;0;0;0
225;9;9;Farroupilha;949;665;284;-2;-5;3
225;9;9;Floresta;11340;11340;0;-3;-3;0
225;9;9;Independência;8181;7853;328;5;-1;6
225;9;9;Menino Deus;31891;31448;443;-31;-3;-28
225;9;9;Moinhos de Vento;12046;11734;312;-18;-3;-15
225;9;9;Praia de Belas;2050;2050;0;0;0;0
225;9;9;Rio Branco;17692;17275;417;22;-1;23
225;9;9;Santa Cecília;5781;5484;297;-4;-8;4
225;9;9;Santana;20897;20470;427;56;3;53
226;10;9;Azenha;13859;13519;340;-17;-14;-3
226;10;9;Bom Fim;11209;11209;0;-8;-8;0
226;10;9;Centro;39478;38991;487;-12;-6;-6
226;10;9;Cidade Baixa;15070;15070;0;-9;-9;0
226;10;9;Farroupilha;946;658;288;-3;-7;4
226;10;9;Floresta;11333;11333;0;-7;-7;0
226;10;9;Independência;8183;7846;337;2;-7;9
226;10;9;Menino Deus;31935;31447;488;44;-1;45
226;10;9;Moinhos de Vento;12070;11731;339;24;-3;27
226;10;9;Praia de Belas;2040;2040;0;-10;-10;0
226;10;9;Rio Branco;17668;17265;403;-24;-10;-14
226;10;9;Santa Cecília;5785;5477;308;4;-7;11
226;10;9;Santana;20913;20462;451;16;-8;24
227;11;9;Azenha;13862;13529;333;3;10;-7
227;11;9;Bom Fim;11216;11216;0;7;7;0
227;11;9;Centro;39455;38994;461;-23;3;-26
227;11;9;Cidade Baixa;15078;15078;0;8;8;0
227;11;9;Farroupilha;960;670;290;14;12;2
227;11;9;Floresta;11340;11340;0;7;7;0
227;11;9;Independência;8200;7854;346;17;8;9
227;11;9;Menino Deus;31956;31455;501;21;8;13
227;11;9;Moinhos de Vento;12075;11736;339;5;5;0
227;11;9;Praia de Belas;2047;2047;0;7;7;0
227;11;9;Rio Branco;17668;17273;395;0;8;-8
227;11;9;Santa Cecília;5789;5493;296;4;16;-12
227;11;9;Santana;20843;20465;378;-70;3;-73
228;12;9;Azenha;13919;13472;447;57;-57;114
228;12;9;Bom Fim;11126;11126;0;-90;-90;0
228;12;9;Centro;39545;38957;588;90;-37;127
228;12;9;Cidade Baixa;15005;15005;0;-73;-73;0
228;12;9;Farroupilha;985;603;382;25;-67;92
228;12;9;Floresta;11281;11281;0;-59;-59;0
228;12;9;Independência;8219;7793;426;19;-61;80
228;12;9;Menino Deus;31962;31399;563;6;-56;62
228;12;9;Moinhos de Vento;12083;11688;395;8;-48;56
228;12;9;Praia de Belas;1993;1993;0;-54;-54;0
228;12;9;Rio Branco;17676;17209;467;8;-64;72
228;12;9;Santa Cecília;5796;5424;372;7;-69;76
228;12;9;Santana;20899;20403;496;56;-62;118
229;13;9;Azenha;13916;13452;464;-3;-20;17
229;13;9;Bom Fim;11108;11108;0;-18;-18;0
229;13;9;Centro;39517;38947;570;-28;-10;-18
229;13;9;Cidade Baixa;14990;14990;0;-15;-15;0
229;13;9;Farroupilha;968;584;384;-17;-19;2
229;13;9;Floresta;11267;11267;0;-14;-14;0
229;13;9;Independência;8216;7778;438;-3;-15;12
229;13;9;Menino Deus;32009;31389;620;47;-10;57
229;13;9;Moinhos de Vento;12085;11675;410;2;-13;15
229;13;9;Praia de Belas;1979;1979;0;-14;-14;0
229;13;9;Rio Branco;17716;17197;519;40;-12;52
229;13;9;Santa Cecília;5800;5404;396;4;-20;24
229;13;9;Santana;20918;20389;529;19;-14;33
230;14;9;Azenha;13947;13451;496;31;-1;32
230;14;9;Bom Fim;11094;11094;0;-14;-14;0
230;14;9;Centro;39545;38941;604;28;-6;34
230;14;9;Cidade Baixa;14981;14981;0;-9;-9;0
230;14;9;Farroupilha;960;574;386;-8;-10;2
230;14;9;Floresta;11255;11255;0;-12;-12;0
230;14;9;Independência;8225;7766;459;9;-12;21
230;14;9;Menino Deus;31983;31380;603;-26;-9;-17
230;14;9;Moinhos de Vento;12111;11669;442;26;-6;32
230;14;9;Praia de Belas;1973;1973;0;-6;-6;0
230;14;9;Rio Branco;17713;17188;525;-3;-9;6
230;14;9;Santa Cecília;5785;5396;389;-15;-8;-7
230;14;9;Santana;20917;20381;536;-1;-8;7
231;15;9;Azenha;13883;13416;467;-64;-35;-29
231;15;9;Bom Fim;11053;11053;0;-41;-41;0
231;15;9;Centro;39730;38932;798;185;-9;194
231;15;9;Cidade Baixa;14942;14942;0;-39;-39;0
231;15;9;Farroupilha;930;539;391;-30;-35;5
231;15;9;Floresta;11225;11225;0;-30;-30;0
231;15;9;Independência;8190;7729;461;-35;-37;2
231;15;9;Menino Deus;32007;31362;645;24;-18;42
231;15;9;Moinhos de Vento;12098;11642;456;-13;-27;14
231;15;9;Praia de Belas;1943;1943;0;-30;-30;0
231;15;9;Rio Branco;17775;17166;609;62;-22;84
231;15;9;Santa Cecília;5775;5365;410;-10;-31;21
231;15;9;Santana;20938;20358;580;21;-23;44
232;16;9;Azenha;13923;13317;606;40;-99;139
232;16;9;Bom Fim;10937;10937;0;-116;-116;0
232;16;9;Centro;39698;38873;825;-32;-59;27
232;16;9;Cidade Baixa;14850;14850;0;-92;-92;0
232;16;9;Farroupilha;923;438;485;-7;-101;94
232;16;9;Floresta;11148;11148;0;-77;-77;0
232;16;9;Independência;8226;7651;575;36;-78;114
232;16;9;Menino Deus;32145;31299;846;138;-63;201
232;16;9;Moinhos de Vento;12142;11581;561;44;-61;105
232;16;9;Praia de Belas;1866;1866;0;-77;-77;0
232;16;9;Rio Branco;17812;17082;730;37;-84;121
232;16;9;Santa Cecília;5759;5263;496;-16;-102;86
232;16;9;Santana;21060;20276;784;122;-82;204
233;17;9;Azenha;13945;13360;585;22;43;-21
233;17;9;Bom Fim;10958;10958;0;21;21;0
233;17;9;Centro;39807;38893;914;109;20;89
233;17;9;Cidade Baixa;14869;14869;0;19;19;0
233;17;9;Farroupilha;949;465;484;26;27;-1
233;17;9;Floresta;11157;11157;0;9;9;0
233;17;9;Independência;8255;7669;586;29;18;11
233;17;9;Menino Deus;32022;31311;711;-123;12;-135
233;17;9;Moinhos de Vento;12172;11599;573;30;18;12
233;17;9;Praia de Belas;1888;1888;0;22;22;0
233;17;9;Rio Branco;17726;17095;631;-86;13;-99
233;17;9;Santa Cecília;5788;5299;489;29;36;-7
233;17;9;Santana;20953;20292;661;-107;16;-123
234;18;9;Azenha;13930;13376;554;-15;16;-31
234;18;9;Bom Fim;10997;10997;0;39;39;0
234;18;9;Centro;39587;38902;685;-220;9;-229
234;18;9;Cidade Baixa;14909;14909;0;40;40;0
234;18;9;Farroupilha;986;502;484;37;37;0
234;18;9;Floresta;11196;11196;0;39;39;0
234;18;9;Independência;8238;7702;536;-17;33;-50
234;18;9;Menino Deus;32057;31337;720;35;26;9
234;18;9;Moinhos de Vento;12122;11618;504;-50;19;-69
234;18;9;Praia de Belas;1914;1914;0;26;26;0
234;18;9;Rio Branco;17775;17127;648;49;32;17
234;18;9;Santa Cecília;5799;5321;478;11;22;-11
234;18;9;Santana;20979;20316;663;26;24;2
235;19;9;Azenha;13940;13391;549;10;15;-5
235;19;9;Bom Fim;11008;11008;0;11;11;0
235;19;9;Centro;39608;38907;701;21;5;16
235;19;9;Cidade Baixa;14917;14917;0;8;8;0
235;19;9;Farroupilha;998;515;483;12;13;-1
235;19;9;Floresta;11202;11202;0;6;6;0
235;19;9;Independência;8245;7709;536;7;7;0
235;19;9;Menino Deus;32028;31342;686;-29;5;-34
235;19;9;Moinhos de Vento;12130;11626;504;8;8;0
235;19;9;Praia de Belas;1924;1924;0;10;10;0
235;19;9;Rio Branco;17745;17133;612;-30;6;-36
235;19;9;Santa Cecília;5805;5336;469;6;15;-9
235;19;9;Santana;20939;20325;614;-40;9;-49
236;20;9;Azenha;13956;13366;590;16;-25;41
236;20;9;Bom Fim;10952;10952;0;-56;-56;0
236;20;9;Centro;39571;38885;686;-37;-22;-15
236;20;9;Cidade Baixa;14887;14887;0;-30;-30;0
236;20;9;Farroupilha;1054;480;574;56;-35;91
236;20;9;Floresta;11167;11167;0;-35;-35;0
236;20;9;Independência;8291;7676;615;46;-33;79
236;20;9;Menino Deus;31979;31314;665;-49;-28;-21
236;20;9;Moinhos de Vento;12182;11603;579;52;-23;75
236;20;9;Praia de Belas;1909;1909;0;-15;-15;0
236;20;9;Rio Branco;17724;17089;635;-21;-44;23
236;20;9;Santa Cecília;5848;5301;547;43;-35;78
236;20;9;Santana;20969;20293;676;30;-32;62
237;21;9;Azenha;13960;13391;569;4;25;-21
237;21;9;Bom Fim;10975;10975;0;23;23;0
237;21;9;Centro;39519;38895;624;-52;10;-62
237;21;9;Cidade Baixa;14911;14911;0;24;24;0
237;21;9;Farroupilha;1076;501;575;22;21;1
237;21;9;Floresta;11183;11183;0;16;16;0
237;21;9;Independência;8289;7693;596;-2;17;-19
237;21;9;Menino Deus;31939;31329;610;-40;15;-55
237;21;9;Moinhos de Vento;12172;11618;554;-10;15;-25
237;21;9;Praia de Belas;1928;1928;0;19;19;0
237;21;9;Rio Branco;17738;17109;629;14;20;-6
237;21;9;Santa Cecília;5861;5323;538;13;22;-9
237;21;9;Santana;20938;20309;629;-31;16;-47
238;22;9;Azenha;13974;13411;563;14;20;-6
238;22;9;Bom Fim;10998;10998;0;23;23;0
238;22;9;Centro;39473;38905;568;-46;10;-56
238;22;9;Cidade Baixa;14930;14930;0;19;19;0
238;22;9;Farroupilha;1100;524;576;24;23;1
238;22;9;Floresta;11202;11202;0;19;19;0
238;22;9;Independência;8292;7712;580;3;19;-16
238;22;9;Menino Deus;31925;31341;584;-14;12;-26
238;22;9;Moinhos de Vento;12159;11631;528;-13;13;-26
238;22;9;Praia de Belas;1944;1944;0;16;16;0
238;22;9;Rio Branco;17725;17126;599;-13;17;-30
238;22;9;Santa Cecília;5874;5345;529;13;22;-9
238;22;9;Santana;20893;20322;571;-45;13;-58
239;23;9;Azenha;13804;13804;0;-170;393;-563
239;23;9;Bom Fim;11593;11593;0;595;595;0
239;23;9;Centro;39154;39154;0;-319;249;-568
239;23;9;Cidade Baixa;15379;15379;0;449;449;0
239;23;9;Farroupilha;961;961;0;-139;437;-576
239;23;9;Floresta;11596;11596;0;394;394;0
239;23;9;Independência;8112;8112;0;-180;400;-580
239;23;9;Menino Deus;31650;31650;0;-275;309;-584
239;23;9;Moinhos de Vento;11937;11937;0;-222;306;-528
239;23;9;Praia de Belas;2281;2281;0;337;337;0
239;23;9;Rio Branco;17531;17531;0;-194;405;-599
239;23;9;Santa Cecília;5768;5768;0;-106;423;-529
239;23;9;Santana;20723;20723;0;-170;401;-571
