Frame;Hour;Day;Region;Total;Locals;Outsiders;dTotals;dLocals;dOutsiders
0;0;0;Azenha;13803;13801;2;-1;-3;2
0;0;0;Bom Fim;11593;11589;4;0;-4;4
0;0;0;Centro;39155;39154;1;1;0;1
0;0;0;Cidade Baixa;15379;15377;2;0;-2;2
0;0;0;Farroupilha;962;959;3;1;-2;3
0;0;0;Floresta;11596;11594;2;0;-2;2
0;0;0;Independência;8109;8106;3;-3;-6;3
0;0;0;Menino Deus;31649;31647;2;-1;-3;2
0;0;0;Moinhos de Vento;11939;11937;2;2;0;2
0;0;0;Praia de Belas;2281;2280;1;0;-1;1
0;0;0;Rio Branco;17531;17529;2;0;-2;2
0;0;0;Santa Cecília;5768;5766;2;0;-2;2
0;0;0;Santana;20724;20722;2;1;-1;2
1;1;0;Azenha;13802;13797;5;-1;-4;3
1;1;0;Bom Fim;11593;11585;8;0;-4;4
1;1;0;Centro;39170;39154;16;15;0;15
1;1;0;Cidade Baixa;15378;15374;4;-1;-3;2
1;1;0;Farroupilha;956;953;3;-6;-6;0
1;1;0;Floresta;11594;11590;4;-2;-4;2
1;1;0;Independência;8104;8099;5;-5;-7;2
1;1;0;Menino Deus;31652;31643;9;3;-4;7
1;1;0;Moinhos de Vento;11941;11936;5;2;-1;3
1;1;0;Praia de Belas;2278;2276;2;-3;-4;1
1;1;0;Rio Branco;17533;17527;6;2;-2;4
1;1;0;Santa Cecília;5764;5761;3;-4;-5;1
1;1;0;Santana;20724;20718;6;0;-4;4
2;2;0;Azenha;13801;13796;5;-1;-1;0
2;2;0;Bom Fim;11589;11581;8;-4;-4;0
2;2;0;Centro;39180;39153;27;10;-1;11
2;2;0;Cidade Baixa;15376;15372;4;-2;-2;0
2;2;0;Farroupilha;952;949;3;-4;-4;0
2;2;0;Floresta;11591;11587;4;-3;-3;0
2;2;0;Independência;8104;8098;6;0;-1;1
2;2;0;Menino Deus;31659;31641;18;7;-2;9
2;2;0;Moinhos de Vento;11939;11934;5;-2;-2;0
2;2;0;Praia de Belas;2277;2274;3;-1;-2;1
2;2;0;Rio Branco;17534;17525;9;1;-2;3
2;2;0;Santa Cecília;5762;5758;4;-2;-3;1
2;2;0;Santana;20725;20715;10;1;-3;4
3;3;0;Azenha;13802;13796;6;1;0;1
3;3;0;Bom Fim;11589;11582;7;0;1;-1
3;3;0;Centro;39173;39153;20;-7;0;-7
3;3;0;Cidade Baixa;15378;15373;5;2;1;1
3;3;0;Farroupilha;953;950;3;1;1;0
3;3;0;Floresta;11593;11589;4;2;2;0
3;3;0;Independência;8104;8098;6;0;0;0
3;3;0;Menino Deus;31656;31640;16;-3;-1;-2
3;3;0;Moinhos de Vento;11937;11933;4;-2;-1;-1
3;3;0;Praia de Belas;2278;2274;4;1;0;1
3;3;0;Rio Branco;17536;17525;11;2;0;2
3;3;0;Santa Cecília;5763;5759;4;1;1;0
3;3;0;Santana;20727;20715;12;2;0;2
4;4;0;Azenha;13803;13792;11;1;-4;5
4;4;0;Bom Fim;11590;11574;16;1;-8;9
4;4;0;Centro;39185;39152;33;12;-1;13
4;4;0;Cidade Baixa;15377;15367;10;-1;-6;5
4;4;0;Farroupilha;947;941;6;-6;-9;3
4;4;0;Floresta;11590;11583;7;-3;-6;3
4;4;0;Independência;8098;8086;12;-6;-12;6
4;4;0;Menino Deus;31663;31636;27;7;-4;11
4;4;0;Moinhos de Vento;11941;11932;9;4;-1;5
4;4;0;Praia de Belas;2274;2268;6;-4;-6;2
4;4;0;Rio Branco;17535;17519;16;-1;-6;5
4;4;0;Santa Cecília;5763;5755;8;0;-4;4
4;4;0;Santana;20723;20711;12;-4;-4;0
5;5;0;Azenha;13802;13791;11;-1;-1;0
5;5;0;Bom Fim;11587;11571;16;-3;-3;0
5;5;0;Centro;39185;39151;34;0;-1;1
5;5;0;Cidade Baixa;15377;15365;12;0;-2;2
5;5;0;Farroupilha;946;940;6;-1;-1;0
5;5;0;Floresta;11593;11584;9;3;1;2
5;5;0;Independência;8098;8086;12;0;0;0
5;5;0;Menino Deus;31663;31633;30;0;-3;3
5;5;0;Moinhos de Vento;11940;11931;9;-1;-1;0
5;5;0;Praia de Belas;2276;2269;7;2;1;1
5;5;0;Rio Branco;17532;17514;18;-3;-5;2
5;5;0;Santa Cecília;5764;5755;9;1;0;1
5;5;0;Santana;20726;20710;16;3;-1;4
6;6;0;Azenha;13802;13792;10;0;1;-1
6;6;0;Bom Fim;11589;11575;14;2;4;-2
6;6;0;Centro;39177;39152;25;-8;1;-9
6;6;0;Cidade Baixa;15378;15368;10;1;3;-2
6;6;0;Farroupilha;949;943;6;3;3;0
6;6;0;Floresta;11593;11585;8;0;1;-1
6;6;0;Independência;8101;8090;11;3;4;-1
6;6;0;Menino Deus;31655;31632;23;-8;-1;-7
6;6;0;Moinhos de Vento;11939;11931;8;-1;0;-1
6;6;0;Praia de Belas;2280;2272;8;4;3;1
6;6;0;Rio Branco;17535;17519;16;3;5;-2
6;6;0;Santa Cecília;5765;5757;8;1;2;-1
6;6;0;Santana;20726;20712;14;0;2;-2
7;7;0;Azenha;13803;13788;15;1;-4;5
7;7;0;Bom Fim;11582;11566;16;-7;-9;2
7;7;0;Centro;39196;39150;46;19;-2;21
7;7;0;Cidade Baixa;15379;15362;17;1;-6;7
7;7;0;Farroupilha;942;936;6;-7;-7;0
7;7;0;Floresta;11592;11582;10;-1;-3;2
7;7;0;Independência;8096;8084;12;-5;-6;1
7;7;0;Menino Deus;31660;31629;31;5;-3;8
7;7;0;Moinhos de Vento;11939;11928;11;0;-3;3
7;7;0;Praia de Belas;2276;2268;8;-4;-4;0
7;7;0;Rio Branco;17536;17513;23;1;-6;7
7;7;0;Santa Cecília;5762;5753;9;-3;-4;1
7;7;0;Santana;20726;20706;20;0;-6;6
8;8;0;Azenha;13803;13776;27;0;-12;12
8;8;0;Bom Fim;11578;11549;29;-4;-17;13
8;8;0;Centro;39198;39143;55;2;-7;9
8;8;0;Cidade Baixa;15380;15350;30;1;-12;13
8;8;0;Farroupilha;932;922;10;-10;-14;4
8;8;0;Floresta;11593;11572;21;1;-10;11
8;8;0;Independência;8090;8070;20;-6;-14;8
8;8;0;Menino Deus;31681;31622;59;21;-7;28
8;8;0;Moinhos de Vento;11939;11922;17;0;-6;6
8;8;0;Praia de Belas;2267;2258;9;-9;-10;1
8;8;0;Rio Branco;17533;17501;32;-3;-12;9
8;8;0;Santa Cecília;5754;5740;14;-8;-13;5
8;8;0;Santana;20741;20698;43;15;-8;23
9;9;0;Azenha;13804;13774;30;1;-2;3
9;9;0;Bom Fim;11576;11545;31;-2;-4;2
9;9;0;Centro;39194;39134;60;-4;-9;5
9;9;0;Cidade Baixa;15380;15347;33;0;-3;3
9;9;0;Farroupilha;932;921;11;0;-1;1
9;9;0;Floresta;11588;11566;22;-5;-6;1
9;9;0;Independência;8092;8069;23;2;-1;3
9;9;0;Menino Deus;31688;31622;66;7;0;7
9;9;0;Moinhos de Vento;11944;11917;27;5;-5;10
9;9;0;Praia de Belas;2264;2256;8;-3;-2;-1
9;9;0;Rio Branco;17532;17496;36;-1;-5;4
9;9;0;Santa Cecília;5751;5737;14;-3;-3;0
9;9;0;Santana;20744;20696;48;3;-2;5
10;10;0;Azenha;13799;13770;29;-5;-4;-1
10;10;0;Bom Fim;11570;11541;29;-6;-4;-2
10;10;0;Centro;39216;39132;84;22;-2;24
10;10;0;Cidade Baixa;15379;15341;38;-1;-6;5
10;10;0;Farroupilha;925;913;12;-7;-8;1
10;10;0;Floresta;11592;11563;29;4;-3;7
10;10;0;Independência;8089;8064;25;-3;-5;2
10;10;0;Menino Deus;31696;31620;76;8;-2;10
10;10;0;Moinhos de Vento;11944;11911;33;0;-6;6
10;10;0;Praia de Belas;2259;2251;8;-5;-5;0
10;10;0;Rio Branco;17536;17492;44;4;-4;8
10;10;0;Santa Cecília;5746;5733;13;-5;-4;-1
10;10;0;Santana;20738;20691;47;-6;-5;-1
11;11;0;Azenha;13800;13774;26;1;4;-3
11;11;0;Bom Fim;11572;11544;28;2;3;-1
11;11;0;Centro;39205;39136;69;-11;4;-15
11;11;0;Cidade Baixa;15385;15345;40;6;4;2
11;11;0;Farroupilha;931;918;13;6;5;1
11;11;0;Floresta;11596;11567;29;4;4;0
11;11;0;Independência;8095;8071;24;6;7;-1
11;11;0;Menino Deus;31683;31621;62;-13;1;-14
11;11;0;Moinhos de Vento;11937;11913;24;-7;2;-9
11;11;0;Praia de Belas;2261;2253;8;2;2;0
11;11;0;Rio Branco;17536;17497;39;0;5;-5
11;11;0;Santa Cecília;5747;5735;12;1;2;-1
11;11;0;Santana;20741;20694;47;3;3;0
12;12;0;Azenha;13813;13773;40;13;-1;14
12;12;0;Bom Fim;11580;11539;41;8;-5;13
12;12;0;Centro;39208;39134;74;3;-2;5
12;12;0;Cidade Baixa;15377;15341;36;-8;-4;-4
12;12;0;Farroupilha;930;913;17;-1;-5;4
12;12;0;Floresta;11595;11565;30;-1;-2;1
12;12;0;Independência;8091;8064;27;-4;-7;3
12;12;0;Menino Deus;31674;31618;56;-9;-3;-6
12;12;0;Moinhos de Vento;11943;11912;31;6;-1;7
12;12;0;Praia de Belas;2261;2253;8;0;0;0
12;12;0;Rio Branco;17534;17492;42;-2;-5;3
12;12;0;Santa Cecília;5746;5730;16;-1;-5;4
12;12;0;Santana;20737;20688;49;-4;-6;2
13;13;0;Azenha;13808;13766;42;-5;-7;2
13;13;0;Bom Fim;11573;11533;40;-7;-6;-1
13;13;0;Centro;39204;39128;76;-4;-6;2
13;13;0;Cidade Baixa;15384;15336;48;7;-5;12
13;13;0;Farroupilha;927;909;18;-3;-4;1
13;13;0;Floresta;11591;11559;32;-4;-6;2
13;13;0;Independência;8093;8059;34;2;-5;7
13;13;0;Menino Deus;31699;31617;82;25;-1;26
13;13;0;Moinhos de Vento;11943;11906;37;0;-6;6
13;13;0;Praia de Belas;2255;2246;9;-6;-7;1
13;13;0;Rio Branco;17534;17488;46;0;-4;4
13;13;0;Santa Cecília;5743;5726;17;-3;-4;1
13;13;0;Santana;20735;20684;51;-2;-4;2
14;14;0;Azenha;13813;13763;50;5;-3;8
14;14;0;Bom Fim;11569;11526;43;-4;-7;3
14;14;0;Centro;39201;39125;76;-3;-3;0
14;14;0;Cidade Baixa;15387;15334;53;3;-2;5
14;14;0;Farroupilha;923;904;19;-4;-5;1
14;14;0;Floresta;11597;11557;40;6;-2;8
14;14;0;Independência;8090;8054;36;-3;-5;2
14;14;0;Menino Deus;31691;31615;76;-8;-2;-6
14;14;0;Moinhos de Vento;11940;11902;38;-3;-4;1
14;14;0;Praia de Belas;2254;2245;9;-1;-1;0
14;14;0;Rio Branco;17547;17486;61;13;-2;15
14;14;0;Santa Cecília;5740;5720;20;-3;-6;3
14;14;0;Santana;20737;20680;57;2;-4;6
15;15;0;Azenha;13795;13748;47;-18;-15;-3
15;15;0;Bom Fim;11575;11517;58;6;-9;15
15;15;0;Centro;39231;39120;111;30;-5;35
15;15;0;Cidade Baixa;15379;15322;57;-8;-12;4
15;15;0;Farroupilha;910;890;20;-13;-14;1
15;15;0;Floresta;11596;11549;47;-1;-8;7
15;15;0;Independência;8088;8043;45;-2;-11;9
15;15;0;Menino Deus;31705;31607;98;14;-8;22
15;15;0;Moinhos de Vento;11939;11895;44;-1;-7;6
15;15;0;Praia de Belas;2243;2234;9;-11;-11;0
15;15;0;Rio Branco;17545;17477;68;-2;-9;7
15;15;0;Santa Cecília;5733;5710;23;-7;-10;3
15;15;0;Santana;20750;20675;75;13;-5;18
16;16;0;Azenha;13809;13739;70;14;-9;23
16;16;0;Bom Fim;11565;11502;63;-10;-15;5
16;16;0;Centro;39238;39114;124;7;-6;13
16;16;0;Cidade Baixa;15379;15313;66;0;-9;9
16;16;0;Farroupilha;902;877;25;-8;-13;5
16;16;0;Floresta;11597;11537;60;1;-12;13
16;16;0;Independência;8082;8027;55;-6;-16;10
16;16;0;Menino Deus;31698;31595;103;-7;-12;5
16;16;0;Moinhos de Vento;11948;11887;61;9;-8;17
16;16;0;Praia de Belas;2235;2225;10;-8;-9;1
16;16;0;Rio Branco;17541;17468;73;-4;-9;5
16;16;0;Santa Cecília;5732;5702;30;-1;-8;7
16;16;0;Santana;20763;20667;96;13;-8;21
17;17;0;Azenha;13804;13742;62;-5;3;-8
17;17;0;Bom Fim;11576;11507;69;11;5;6
17;17;0;Centro;39231;39114;117;-7;0;-7
17;17;0;Cidade Baixa;15386;15314;72;7;1;6
17;17;0;Farroupilha;904;879;25;2;2;0
17;17;0;Floresta;11603;11542;61;6;5;1
17;17;0;Independência;8078;8031;47;-4;4;-8
17;17;0;Menino Deus;31691;31596;95;-7;1;-8
17;17;0;Moinhos de Vento;11938;11886;52;-10;-1;-9
17;17;0;Praia de Belas;2237;2227;10;2;2;0
17;17;0;Rio Branco;17544;17471;73;3;3;0
17;17;0;Santa Cecília;5736;5703;33;4;1;3
17;17;0;Santana;20761;20669;92;-2;2;-4
18;18;0;Azenha;13804;13749;55;0;7;-7
18;18;0;Bom Fim;11563;11511;52;-13;4;-17
18;18;0;Centro;39231;39121;110;0;7;-7
18;18;0;Cidade Baixa;15373;15320;53;-13;6;-19
18;18;0;Farroupilha;916;890;26;12;11;1
18;18;0;Floresta;11591;11546;45;-12;4;-16
18;18;0;Independência;8093;8043;50;15;12;3
18;18;0;Menino Deus;31687;31604;83;-4;8;-12
18;18;0;Moinhos de Vento;11948;11890;58;10;4;6
18;18;0;Praia de Belas;2244;2234;10;7;7;0
18;18;0;Rio Branco;17542;17478;64;-2;7;-9
18;18;0;Santa Cecília;5741;5709;32;5;6;-1
18;18;0;Santana;20756;20676;80;-5;7;-12
19;19;0;Azenha;13810;13755;55;6;6;0
19;19;0;Bom Fim;11568;11516;52;5;5;0
19;19;0;Centro;39221;39123;98;-10;2;-12
19;19;0;Cidade Baixa;15378;15324;54;5;4;1
19;19;0;Farroupilha;921;894;27;5;4;1
19;19;0;Floresta;11596;11551;45;5;5;0
19;19;0;Independência;8091;8046;45;-2;3;-5
19;19;0;Menino Deus;31676;31606;70;-11;2;-13
19;19;0;Moinhos de Vento;11945;11894;51;-3;4;-7
19;19;0;Praia de Belas;2248;2238;10;4;4;0
19;19;0;Rio Branco;17541;17482;59;-1;4;-5
19;19;0;Santa Cecília;5744;5715;29;3;6;-3
19;19;0;Santana;20750;20679;71;-6;3;-9
20;20;0;Azenha;13802;13757;45;-8;2;-10
20;20;0;Bom Fim;11567;11516;51;-1;0;-1
20;20;0;Centro;39208;39125;83;-13;2;-15
20;20;0;Cidade Baixa;15382;15328;54;4;4;0
20;20;0;Farroupilha;930;899;31;9;5;4
20;20;0;Floresta;11599;11551;48;3;0;3
20;20;0;Independência;8091;8046;45;0;0;0
20;20;0;Menino Deus;31675;31608;67;-1;2;-3
20;20;0;Moinhos de Vento;11949;11897;52;4;3;1
20;20;0;Praia de Belas;2250;2240;10;2;2;0
20;20;0;Rio Branco;17549;17486;63;8;4;4
20;20;0;Santa Cecília;5749;5718;31;5;3;2
20;20;0;Santana;20738;20679;59;-12;0;-12
21;21;0;Azenha;13803;13760;43;1;3;-2
21;21;0;Bom Fim;11570;11521;49;3;5;-2
21;21;0;Centro;39195;39129;66;-13;4;-17
21;21;0;Cidade Baixa;15383;15334;49;1;6;-5
21;21;0;Farroupilha;936;905;31;6;6;0
21;21;0;Floresta;11596;11555;41;-3;4;-7
21;21;0;Independência;8096;8050;46;5;4;1
21;21;0;Menino Deus;31667;31610;57;-8;2;-10
21;21;0;Moinhos de Vento;11947;11902;45;-2;5;-7
21;21;0;Praia de Belas;2257;2246;11;7;6;1
21;21;0;Rio Branco;17542;17488;54;-7;2;-9
21;21;0;Santa Cecília;5756;5724;32;7;6;1
21;21;0;Santana;20741;20682;59;3;3;0
22;22;0;Azenha;13807;13766;41;4;6;-2
22;22;0;Bom Fim;11576;11527;49;6;6;0
22;22;0;Centro;39181;39130;51;-14;1;-15
22;22;0;Cidade Baixa;15383;15338;45;0;4;-4
22;22;0;Farroupilha;940;909;31;4;4;0
22;22;0;Floresta;11598;11559;39;2;4;-2
22;22;0;Independência;8103;8058;45;7;8;-1
22;22;0;Menino Deus;31659;31612;47;-8;2;-10
22;22;0;Moinhos de Vento;11947;11907;40;0;5;-5
22;22;0;Praia de Belas;2262;2250;12;5;4;1
22;22;0;Rio Branco;17539;17493;46;-3;5;-8
22;22;0;Santa Cecília;5761;5729;32;5;5;0
22;22;0;Santana;20733;20685;48;-8;3;-11
23;23;0;Azenha;13804;13804;0;-3;38;-41
23;23;0;Bom Fim;11593;11593;0;17;66;-49
23;23;0;Centro;39154;39154;0;-27;24;-51
23;23;0;Cidade Baixa;15379;15379;0;-4;41;-45
23;23;0;Farroupilha;961;961;0;21;52;-31
23;23;0;Floresta;11596;11596;0;-2;37;-39
23;23;0;Independência;8112;8112;0;9;54;-45
23;23;0;Menino Deus;31650;31650;0;-9;38;-47
23;23;0;Moinhos de Vento;11937;11937;0;-10;30;-40
23;23;0;Praia de Belas;2281;2281;0;19;31;-12
23;23;0;Rio Branco;17531;17531;0;-8;38;-46
23;23;0;Santa Cecília;5768;5768;0;7;39;-32
23;23;0;Santana;20723;20723;0;-10;38;-48
24;0;1;Azenha;13803;13801;2;-1;-3;2
24;0;1;Bom Fim;11593;11589;4;0;-4;4
24;0;1;Centro;39155;39154;1;1;0;1
24;0;1;Cidade Baixa;15379;15377;2;0;-2;2
24;0;1;Farroupilha;962;959;3;1;-2;3
24;0;1;Floresta;11596;11594;2;0;-2;2
24;0;1;Independência;8109;8106;3;-3;-6;3
24;0;1;Menino Deus;31649;31647;2;-1;-3;2
24;0;1;Moinhos de Vento;11939;11937;2;2;0;2
24;0;1;Praia de Belas;2281;2280;1;0;-1;1
24;0;1;Rio Branco;17531;17529;2;0;-2;2
24;0;1;Santa Cecília;5768;5766;2;0;-2;2
24;0;1;Santana;20724;20722;2;1;-1;2
25;1;1;Azenha;13802;13797;5;-1;-4;3
25;1;1;Bom Fim;11593;11585;8;0;-4;4
25;1;1;Centro;39170;39154;16;15;0;15
25;1;1;Cidade Baixa;15378;15374;4;-1;-3;2
25;1;1;Farroupilha;956;953;3;-6;-6;0
25;1;1;Floresta;11594;11590;4;-2;-4;2
25;1;1;Independência;8104;8099;5;-5;-7;2
25;1;1;Menino Deus;31652;31643;9;3;-4;7
25;1;1;Moinhos de Vento;11941;11936;5;2;-1;3
25;1;1;Praia de Belas;2278;2276;2;-3;-4;1
25;1;1;Rio Branco;17533;17527;6;2;-2;4
25;1;1;Santa Cecília;5764;5761;3;-4;-5;1
25;1;1;Santana;20724;20718;6;0;-4;4
26;2;1;Azenha;13801;13796;5;-1;-1;0
26;2;1;Bom Fim;11589;11581;8;-4;-4;0
26;2;1;Centro;39180;39153;27;10;-1;11
26;2;1;Cidade Baixa;15376;15372;4;-2;-2;0
26;2;1;Farroupilha;952;949;3;-4;-4;0
26;2;1;Floresta;11591;11587;4;-3;-3;0
26;2;1;Independência;8104;8098;6;0;-1;1
26;2;1;Menino Deus;31659;31641;18;7;-2;9
26;2;1;Moinhos de Vento;11939;11934;5;-2;-2;0
26;2;1;Praia de Belas;2277;2274;3;-1;-2;1
26;2;1;Rio Branco;17534;17525;9;1;-2;3
26;2;1;Santa Cecília;5762;5758;4;-2;-3;1
26;2;1;Santana;20725;20715;10;1;-3;4
27;3;1;Azenha;13802;13796;6;1;0;1
27;3;1;Bom Fim;11589;11582;7;0;1;-1
27;3;1;Centro;39173;39153;20;-7;0;-7
27;3;1;Cidade Baixa;15378;15373;5;2;1;1
27;3;1;Farroupilha;953;950;3;1;1;0
27;3;1;Floresta;11593;11589;4;2;2;0
27;3;1;Independência;8104;8098;6;0;0;0
27;3;1;Menino Deus;31656;31640;16;-3;-1;-2
27;3;1;Moinhos de Vento;11937;11933;4;-2;-1;-1
27;3;1;Praia de Belas;2278;2274;4;1;0;1
27;3;1;Rio Branco;17536;17525;11;2;0;2
27;3;1;Santa Cecília;5763;5759;4;1;1;0
27;3;1;Santana;20727;20715;12;2;0;2
28;4;1;Azenha;13803;13792;11;1;-4;5
28;4;1;Bom Fim;11590;11574;16;1;-8;9
28;4;1;Centro;39185;39152;33;12;-1;13
28;4;1;Cidade Baixa;15377;15367;10;-1;-6;5
28;4;1;Farroupilha;947;941;6;-6;-9;3
28;4;1;Floresta;11590;11583;7;-3;-6;3
28;4;1;Independência;8098;8086;12;-6;-12;6
28;4;1;Menino Deus;31663;31636;27;7;-4;11
28;4;1;Moinhos de Vento;11941;11932;9;4;-1;5
28;4;1;Praia de Belas;2274;2268;6;-4;-6;2
28;4;1;Rio Branco;17535;17519;16;-1;-6;5
28;4;1;Santa Cecília;5763;5755;8;0;-4;4
28;4;1;Santana;20723;20711;12;-4;-4;0
29;5;1;Azenha;13802;13791;11;-1;-1;0
29;5;1;Bom Fim;11587;11571;16;-3;-3;0
29;5;1;Centro;39185;39151;34;0;-1;1
29;5;1;Cidade Baixa;15377;15365;12;0;-2;2
29;5;1;Farroupilha;946;940;6;-1;-1;0
29;5;1;Floresta;11593;11584;9;3;1;2
29;5;1;Independência;8098;8086;12;0;0;0
29;5;1;Menino Deus;31663;31633;30;0;-3;3
29;5;1;Moinhos de Vento;11940;11931;9;-1;-1;0
29;5;1;Praia de Belas;2276;2269;7;2;1;1
29;5;1;Rio Branco;17532;17514;18;-3;-5;2
29;5;1;Santa Cecília;5764;5755;9;1;0;1
29;5;1;Santana;20726;20710;16;3;-1;4
30;6;1;Azenha;13802;13792;10;0;1;-1
30;6;1;Bom Fim;11589;11575;14;2;4;-2
30;6;1;Centro;39177;39152;25;-8;1;-9
30;6;1;Cidade Baixa;15378;15368;10;1;3;-2
30;6;1;Farroupilha;949;943;6;3;3;0
30;6;1;Floresta;11593;11585;8;0;1;-1
30;6;1;Independência;8101;8090;11;3;4;-1
30;6;1;Menino Deus;31655;31632;23;-8;-1;-7
30;6;1;Moinhos de Vento;11939;11931;8;-1;0;-1
30;6;1;Praia de Belas;2280;2272;8;4;3;1
30;6;1;Rio Branco;17535;17519;16;3;5;-2
30;6;1;Santa Cecília;5765;5757;8;1;2;-1
30;6;1;Santana;20726;20712;14;0;2;-2
31;7;1;Azenha;13803;13788;15;1;-4;5
31;7;1;Bom Fim;11582;11566;16;-7;-9;2
31;7;1;Centro;39196;39150;46;19;-2;21
31;7;1;Cidade Baixa;15379;15362;17;1;-6;7
31;7;1;Farroupilha;942;936;6;-7;-7;0
31;7;1;Floresta;11592;11582;10;-1;-3;2
31;7;1;Independência;8096;8084;12;-5;-6;1
31;7;1;Menino Deus;31660;31629;31;5;-3;8
31;7;1;Moinhos de Vento;11939;11928;11;0;-3;3
31;7;1;Praia de Belas;2276;2268;8;-4;-4;0
31;7;1;Rio Branco;17536;17513;23;1;-6;7
31;7;1;Santa Cecília;5762;5753;9;-3;-4;1
31;7;1;Santana;20726;20706;20;0;-6;6
32;8;1;Azenha;13803;13776;27;0;-12;12
32;8;1;Bom Fim;11578;11549;29;-4;-17;13
32;8;1;Centro;39198;39143;55;2;-7;9
32;8;1;Cidade Baixa;15380;15350;30;1;-12;13
32;8;1;Farroupilha;932;922;10;-10;-14;4
32;8;1;Floresta;11593;11572;21;1;-10;11
32;8;1;Independência;8090;8070;20;-6;-14;8
32;8;1;Menino Deus;31681;31622;59;21;-7;28
32;8;1;Moinhos de Vento;11939;11922;17;0;-6;6
32;8;1;Praia de Belas;2267;2258;9;-9;-10;1
32;8;1;Rio Branco;17533;17501;32;-3;-12;9
32;8;1;Santa Cecília;5754;5740;14;-8;-13;5
32;8;1;Santana;20741;20698;43;15;-8;23
33;9;1;Azenha;13804;13774;30;1;-2;3
33;9;1;Bom Fim;11576;11545;31;-2;-4;2
33;9;1;Centro;39194;39134;60;-4;-9;5
33;9;1;Cidade Baixa;15380;15347;33;0;-3;3
33;9;1;Farroupilha;932;921;11;0;-1;1
33;9;1;Floresta;11588;11566;22;-5;-6;1
33;9;1;Independência;8092;8069;23;2;-1;3
33;9;1;Menino Deus;31688;31622;66;7;0;7
33;9;1;Moinhos de Vento;11944;11917;27;5;-5;10
33;9;1;Praia de Belas;2264;2256;8;-3;-2;-1
33;9;1;Rio Branco;17532;17496;36;-1;-5;4
33;9;1;Santa Cecília;5751;5737;14;-3;-3;0
33;9;1;Santana;20744;20696;48;3;-2;5
34;10;1;Azenha;13799;13770;29;-5;-4;-1
34;10;1;Bom Fim;11570;11541;29;-6;-4;-2
34;10;1;Centro;39216;39132;84;22;-2;24
34;10;1;Cidade Baixa;15379;15341;38;-1;-6;5
34;10;1;Farroupilha;925;913;12;-7;-8;1
34;10;1;Floresta;11592;11563;29;4;-3;7
34;10;1;Independência;8089;8064;25;-3;-5;2
34;10;1;Menino Deus;31696;31620;76;8;-2;10
34;10;1;Moinhos de Vento;11944;11911;33;0;-6;6
34;10;1;Praia de Belas;2259;2251;8;-5;-5;0
34;10;1;Rio Branco;17536;17492;44;4;-4;8
34;10;1;Santa Cecília;5746;5733;13;-5;-4;-1
34;10;1;Santana;20738;20691;47;-6;-5;-1
35;11;1;Azenha;13800;13774;26;1;4;-3
35;11;1;Bom Fim;11572;11544;28;2;3;-1
35;11;1;Centro;39205;39136;69;-11;4;-15
35;11;1;Cidade Baixa;15385;15345;40;6;4;2
35;11;1;Farroupilha;931;918;13;6;5;1
35;11;1;Floresta;11596;11567;29;4;4;0
35;11;1;Independência;8095;8071;24;6;7;-1
35;11;1;Menino Deus;31683;31621;62;-13;1;-14
35;11;1;Moinhos de Vento;11937;11913;24;-7;2;-9
35;11;1;Praia de Belas;2261;2253;8;2;2;0
35;11;1;Rio Branco;17536;17497;39;0;5;-5
35;11;1;Santa Cecília;5747;5735;12;1;2;-1
35;11;1;Santana;20741;20694;47;3;3;0
36;12;1;Azenha;13813;13773;40;13;-1;14
36;12;1;Bom Fim;11580;11539;41;8;-5;13
36;12;1;Centro;39208;39134;74;3;-2;5
36;12;1;Cidade Baixa;15377;15341;36;-8;-4;-4
36;12;1;Farroupilha;930;913;17;-1;-5;4
36;12;1;Floresta;11595;11565;30;-1;-2;1
36;12;1;Independência;8091;8064;27;-4;-7;3
36;12;1;Menino Deus;31674;31618;56;-9;-3;-6
36;12;1;Moinhos de Vento;11943;11912;31;6;-1;7
36;12;1;Praia de Belas;2261;2253;8;0;0;0
36;12;1;Rio Branco;17534;17492;42;-2;-5;3
36;12;1;Santa Cecília;5746;5730;16;-1;-5;4
36;12;1;Santana;20737;20688;49;-4;-6;2
37;13;1;Azenha;13808;13766;42;-5;-7;2
37;13;1;Bom Fim;11573;11533;40;-7;-6;-1
37;13;1;Centro;39204;39128;76;-4;-6;2
37;13;1;Cidade Baixa;15384;15336;48;7;-5;12
37;13;1;Farroupilha;927;909;18;-3;-4;1
37;13;1;Floresta;11591;11559;32;-4;-6;2
37;13;1;Independência;8093;8059;34;2;-5;7
37;13;1;Menino Deus;31699;31617;82;25;-1;26
37;13;1;Moinhos de Vento;11943;11906;37;0;-6;6
37;13;1;Praia de Belas;2255;2246;9;-6;-7;1
37;13;1;Rio Branco;17534;17488;46;0;-4;4
37;13;1;Santa Cecília;5743;5726;17;-3;-4;1
37;13;1;Santana;20735;20684;51;-2;-4;2
38;14;1;Azenha;13813;13763;50;5;-3;8
38;14;1;Bom Fim;11569;11526;43;-4;-7;3
38;14;1;Centro;39201;39125;76;-3;-3;0
38;14;1;Cidade Baixa;15387;15334;53;3;-2;5
38;14;1;Farroupilha;923;904;19;-4;-5;1
38;14;1;Floresta;11597;11557;40;6;-2;8
38;14;1;Independência;8090;8054;36;-3;-5;2
38;14;1;Menino Deus;31691;31615;76;-8;-2;-6
38;14;1;Moinhos de Vento;11940;11902;38;-3;-4;1
38;14;1;Praia de Belas;2254;2245;9;-1;-1;0
38;14;1;Rio Branco;17547;17486;61;13;-2;15
38;14;1;Santa Cecília;5740;5720;20;-3;-6;3
38;14;1;Santana;20737;20680;57;2;-4;6
39;15;1;Azenha;13795;13748;47;-18;-15;-3
39;15;1;Bom Fim;11575;11517;58;6;-9;15
39;15;1;Centro;39231;39120;111;30;-5;35
39;15;1;Cidade Baixa;15379;15322;57;-8;-12;4
39;15;1;Farroupilha;910;890;20;-13;-14;1
39;15;1;Floresta;11596;11549;47;-1;-8;7
39;15;1;Independência;8088;8043;45;-2;-11;9
39;15;1;Menino Deus;31705;31607;98;14;-8;22
39;15;1;Moinhos de Vento;11939;11895;44;-1;-7;6
39;15;1;Praia de Belas;2243;2234;9;-11;-11;0
39;15;1;Rio Branco;17545;17477;68;-2;-9;7
39;15;1;Santa Cecília;5733;5710;23;-7;-10;3
39;15;1;Santana;20750;20675;75;13;-5;18
40;16;1;Azenha;13809;13739;70;14;-9;23
40;16;1;Bom Fim;11565;11502;63;-10;-15;5
40;16;1;Centro;39238;39114;124;7;-6;13
40;16;1;Cidade Baixa;15379;15313;66;0;-9;9
40;16;1;Farroupilha;902;877;25;-8;-13;5
40;16;1;Floresta;11597;11537;60;1;-12;13
40;16;1;Independência;8082;8027;55;-6;-16;10
40;16;1;Menino Deus;31698;31595;103;-7;-12;5
40;16;1;Moinhos de Vento;11948;11887;61;9;-8;17
40;16;1;Praia de Belas;2235;2225;10;-8;-9;1
40;16;1;Rio Branco;17541;17468;73;-4;-9;5
40;16;1;Santa Cecília;5732;5702;30;-1;-8;7
40;16;1;Santana;20763;20667;96;13;-8;21
41;17;1;Azenha;13804;13742;62;-5;3;-8
41;17;1;Bom Fim;11576;11507;69;11;5;6
41;17;1;Centro;39231;39114;117;-7;0;-7
41;17;1;Cidade Baixa;15386;15314;72;7;1;6
41;17;1;Farroupilha;904;879;25;2;2;0
41;17;1;Floresta;11603;11542;61;6;5;1
41;17;1;Independência;8078;8031;47;-4;4;-8
41;17;1;Menino Deus;31691;31596;95;-7;1;-8
41;17;1;Moinhos de Vento;11938;11886;52;-10;-1;-9
41;17;1;Praia de Belas;2237;2227;10;2;2;0
41;17;1;Rio Branco;17544;17471;73;3;3;0
41;17;1;Santa Cecília;5736;5703;33;4;1;3
41;17;1;Santana;20761;20669;92;-2;2;-4
42;18;1;Azenha;13804;13749;55;0;7;-7
42;18;1;Bom Fim;11563;11511;52;-13;4;-17
42;18;1;Centro;39231;39121;110;0;7;-7
42;18;1;Cidade Baixa;15373;15320;53;-13;6;-19
42;18;1;Farroupilha;916;890;26;12;11;1
42;18;1;Floresta;11591;11546;45;-12;4;-16
42;18;1;Independência;8093;8043;50;15;12;3
42;18;1;Menino Deus;31687;31604;83;-4;8;-12
42;18;1;Moinhos de Vento;11948;11890;58;10;4;6
42;18;1;Praia de Belas;2244;2234;10;7;7;0
42;18;1;Rio Branco;17542;17478;64;-2;7;-9
42;18;1;Santa Cecília;5741;5709;32;5;6;-1
42;18;1;Santana;20756;20676;80;-5;7;-12
43;19;1;Azenha;13810;13755;55;6;6;0
43;19;1;Bom Fim;11568;11516;52;5;5;0
43;19;1;Centro;39221;39123;98;-10;2;-12
43;19;1;Cidade Baixa;15378;15324;54;5;4;1
43;19;1;Farroupilha;921;894;27;5;4;1
43;19;1;Floresta;11596;11551;45;5;5;0
43;19;1;Independência;8091;8046;45;-2;3;-5
43;19;1;Menino Deus;31676;31606;70;-11;2;-13
43;19;1;Moinhos de Vento;11945;11894;51;-3;4;-7
43;19;1;Praia de Belas;2248;2238;10;4;4;0
43;19;1;Rio Branco;17541;17482;59;-1;4;-5
43;19;1;Santa Cecília;5744;5715;29;3;6;-3
43;19;1;Santana;20750;20679;71;-6;3;-9
44;20;1;Azenha;13802;13757;45;-8;2;-10
44;20;1;Bom Fim;11567;11516;51;-1;0;-1
44;20;1;Centro;39208;39125;83;-13;2;-15
44;20;1;Cidade Baixa;15382;15328;54;4;4;0
44;20;1;Farroupilha;930;899;31;9;5;4
44;20;1;Floresta;11599;11551;48;3;0;3
44;20;1;Independência;8091;8046;45;0;0;0
44;20;1;Menino Deus;31675;31608;67;-1;2;-3
44;20;1;Moinhos de Vento;11949;11897;52;4;3;1
44;20;1;Praia de Belas;2250;2240;10;2;2;0
44;20;1;Rio Branco;17549;17486;63;8;4;4
44;20;1;Santa Cecília;5749;5718;31;5;3;2
44;20;1;Santana;20738;20679;59;-12;0;-12
45;21;1;Azenha;13803;13760;43;1;3;-2
45;21;1;Bom Fim;11570;11521;49;3;5;-2
45;21;1;Centro;39195;39129;66;-13;4;-17
45;21;1;Cidade Baixa;15383;15334;49;1;6;-5
45;21;1;Farroupilha;936;905;31;6;6;0
45;21;1;Floresta;11596;11555;41;-3;4;-7
45;21;1;Independência;8096;8050;46;5;4;1
45;21;1;Menino Deus;31667;31610;57;-8;2;-10
45;21;1;Moinhos de Vento;11947;11902;45;-2;5;-7
45;21;1;Praia de Belas;2257;2246;11;7;6;1
45;21;1;Rio Branco;17542;17488;54;-7;2;-9
45;21;1;Santa Cecília;5756;5724;32;7;6;1
45;21;1;Santana;20741;20682;59;3;3;0
46;22;1;Azenha;13807;13766;41;4;6;-2
46;22;1;Bom Fim;11576;11527;49;6;6;0
46;22;1;Centro;39181;39130;51;-14;1;-15
46;22;1;Cidade Baixa;15383;15338;45;0;4;-4
46;22;1;Farroupilha;940;909;31;4;4;0
46;22;1;Floresta;11598;11559;39;2;4;-2
46;22;1;Independência;8103;8058;45;7;8;-1
46;22;1;Menino Deus;31659;31612;47;-8;2;-10
46;22;1;Moinhos de Vento;11947;11907;40;0;5;-5
46;22;1;Praia de Belas;2262;2250;12;5;4;1
46;22;1;Rio Branco;17539;17493;46;-3;5;-8
46;22;1;Santa Cecília;5761;5729;32;5;5;0
46;22;1;Santana;20733;20685;48;-8;3;-11
47;23;1;Azenha;13804;13804;0;-3;38;-41
47;23;1;Bom Fim;11593;11593;0;17;66;-49
47;23;1;Centro;39154;39154;0;-27;24;-51
47;23;1;Cidade Baixa;15379;15379;0;-4;41;-45
47;23;1;Farroupilha;961;961;0;21;52;-31
47;23;1;Floresta;11596;11596;0;-2;37;-39
47;23;1;Independência;8112;8112;0;9;54;-45
47;23;1;Menino Deus;31650;31650;0;-9;38;-47
47;23;1;Moinhos de Vento;11937;11937;0;-10;30;-40
47;23;1;Praia de Belas;2281;2281;0;19;31;-12
47;23;1;Rio Branco;17531;17531;0;-8;38;-46
47;23;1;Santa Cecília;5768;5768;0;7;39;-32
47;23;1;Santana;20723;20723;0;-10;38;-48
48;0;2;Azenha;13803;13801;2;-1;-3;2
48;0;2;Bom Fim;11593;11589;4;0;-4;4
48;0;2;Centro;39155;39154;1;1;0;1
48;0;2;Cidade Baixa;15379;15377;2;0;-2;2
48;0;2;Farroupilha;962;959;3;1;-2;3
48;0;2;Floresta;11596;11594;2;0;-2;2
48;0;2;Independência;8109;8106;3;-3;-6;3
48;0;2;Menino Deus;31649;31647;2;-1;-3;2
48;0;2;Moinhos de Vento;11939;11937;2;2;0;2
48;0;2;Praia de Belas;2281;2280;1;0;-1;1
48;0;2;Rio Branco;17531;17529;2;0;-2;2
48;0;2;Santa Cecília;5768;5766;2;0;-2;2
48;0;2;Santana;20724;20722;2;1;-1;2
49;1;2;Azenha;13802;13797;5;-1;-4;3
49;1;2;Bom Fim;11593;11585;8;0;-4;4
49;1;2;Centro;39170;39154;16;15;0;15
49;1;2;Cidade Baixa;15378;15374;4;-1;-3;2
49;1;2;Farroupilha;956;953;3;-6;-6;0
49;1;2;Floresta;11594;11590;4;-2;-4;2
49;1;2;Independência;8104;8099;5;-5;-7;2
49;1;2;Menino Deus;31652;31643;9;3;-4;7
49;1;2;Moinhos de Vento;11941;11936;5;2;-1;3
49;1;2;Praia de Belas;2278;2276;2;-3;-4;1
49;1;2;Rio Branco;17533;17527;6;2;-2;4
49;1;2;Santa Cecília;5764;5761;3;-4;-5;1
49;1;2;Santana;20724;20718;6;0;-4;4
50;2;2;Azenha;13801;13796;5;-1;-1;0
50;2;2;Bom Fim;11589;11581;8;-4;-4;0
50;2;2;Centro;39180;39153;27;10;-1;11
50;2;2;Cidade Baixa;15376;15372;4;-2;-2;0
50;2;2;Farroupilha;952;949;3;-4;-4;0
50;2;2;Floresta;11591;11587;4;-3;-3;0
50;2;2;Independência;8104;8098;6;0;-1;1
50;2;2;Menino Deus;31659;31641;18;7;-2;9
50;2;2;Moinhos de Vento;11939;11934;5;-2;-2;0
50;2;2;Praia de Belas;2277;2274;3;-1;-2;1
50;2;2;Rio Branco;17534;17525;9;1;-2;3
50;2;2;Santa Cecília;5762;5758;4;-2;-3;1
50;2;2;Santana;20725;20715;10;1;-3;4
51;3;2;Azenha;13802;13796;6;1;0;1
51;3;2;Bom Fim;11589;11582;7;0;1;-1
51;3;2;Centro;39173;39153;20;-7;0;-7
51;3;2;Cidade Baixa;15378;15373;5;2;1;1
51;3;2;Farroupilha;953;950;3;1;1;0
51;3;2;Floresta;11593;11589;4;2;2;0
51;3;2;Independência;8104;8098;6;0;0;0
51;3;2;Menino Deus;31656;31640;16;-3;-1;-2
51;3;2;Moinhos de Vento;11937;11933;4;-2;-1;-1
51;3;2;Praia de Belas;2278;2274;4;1;0;1
51;3;2;Rio Branco;17536;17525;11;2;0;2
51;3;2;Santa Cecília;5763;5759;4;1;1;0
51;3;2;Santana;20727;20715;12;2;0;2
52;4;2;Azenha;13803;13792;11;1;-4;5
52;4;2;Bom Fim;11590;11574;16;1;-8;9
52;4;2;Centro;39185;39152;33;12;-1;13
52;4;2;Cidade Baixa;15377;15367;10;-1;-6;5
52;4;2;Farroupilha;947;941;6;-6;-9;3
52;4;2;Floresta;11590;11583;7;-3;-6;3
52;4;2;Independência;8098;8086;12;-6;-12;6
52;4;2;Menino Deus;31663;31636;27;7;-4;11
52;4;2;Moinhos de Vento;11941;11932;9;4;-1;5
52;4;2;Praia de Belas;2274;2268;6;-4;-6;2
52;4;2;Rio Branco;17535;17519;16;-1;-6;5
52;4;2;Santa Cecília;5763;5755;8;0;-4;4
52;4;2;Santana;20723;20711;12;-4;-4;0
53;5;2;Azenha;13802;13791;11;-1;-1;0
53;5;2;Bom Fim;11587;11571;16;-3;-3;0
53;5;2;Centro;39185;39151;34;0;-1;1
53;5;2;Cidade Baixa;15377;15365;12;0;-2;2
53;5;2;Farroupilha;946;940;6;-1;-1;0
53;5;2;Floresta;11593;11584;9;3;1;2
53;5;2;Independência;8098;8086;12;0;0;0
53;5;2;Menino Deus;31663;31633;30;0;-3;3
53;5;2;Moinhos de Vento;11940;11931;9;-1;-1;0
53;5;2;Praia de Belas;2276;2269;7;2;1;1
53;5;2;Rio Branco;17532;17514;18;-3;-5;2
53;5;2;Santa Cecília;5764;5755;9;1;0;1
53;5;2;Santana;20726;20710;16;3;-1;4
54;6;2;Azenha;13802;13792;10;0;1;-1
54;6;2;Bom Fim;11589;11575;14;2;4;-2
54;6;2;Centro;39177;39152;25;-8;1;-9
54;6;2;Cidade Baixa;15378;15368;10;1;3;-2
54;6;2;Farroupilha;949;943;6;3;3;0
54;6;2;Floresta;11593;11585;8;0;1;-1
54;6;2;Independência;8101;8090;11;3;4;-1
54;6;2;Menino Deus;31655;31632;23;-8;-1;-7
54;6;2;Moinhos de Vento;11939;11931;8;-1;0;-1
54;6;2;Praia de Belas;2280;2272;8;4;3;1
54;6;2;Rio Branco;17535;17519;16;3;5;-2
54;6;2;Santa Cecília;5765;5757;8;1;2;-1
54;6;2;Santana;20726;20712;14;0;2;-2
55;7;2;Azenha;13803;13788;15;1;-4;5
55;7;2;Bom Fim;11582;11566;16;-7;-9;2
55;7;2;Centro;39196;39150;46;19;-2;21
55;7;2;Cidade Baixa;15379;15362;17;1;-6;7
55;7;2;Farroupilha;942;936;6;-7;-7;0
55;7;2;Floresta;11592;11582;10;-1;-3;2
55;7;2;Independência;8096;8084;12;-5;-6;1
55;7;2;Menino Deus;31660;31629;31;5;-3;8
55;7;2;Moinhos de Vento;11939;11928;11;0;-3;3
55;7;2;Praia de Belas;2276;2268;8;-4;-4;0
55;7;2;Rio Branco;17536;17513;23;1;-6;7
55;7;2;Santa Cecília;5762;5753;9;-3;-4;1
55;7;2;Santana;20726;20706;20;0;-6;6
56;8;2;Azenha;13803;13776;27;0;-12;12
56;8;2;Bom Fim;11578;11549;29;-4;-17;13
56;8;2;Centro;39198;39143;55;2;-7;9
56;8;2;Cidade Baixa;15380;15350;30;1;-12;13
56;8;2;Farroupilha;932;922;10;-10;-14;4
56;8;2;Floresta;11593;11572;21;1;-10;11
56;8;2;Independência;8090;8070;20;-6;-14;8
56;8;2;Menino Deus;31681;31622;59;21;-7;28
56;8;2;Moinhos de Vento;11939;11922;17;0;-6;6
56;8;2;Praia de Belas;2267;2258;9;-9;-10;1
56;8;2;Rio Branco;17533;17501;32;-3;-12;9
56;8;2;Santa Cecília;5754;5740;14;-8;-13;5
56;8;2;Santana;20741;20698;43;15;-8;23
57;9;2;Azenha;13804;13774;30;1;-2;3
57;9;2;Bom Fim;11576;11545;31;-2;-4;2
57;9;2;Centro;39194;39134;60;-4;-9;5
57;9;2;Cidade Baixa;15380;15347;33;0;-3;3
57;9;2;Farroupilha;932;921;11;0;-1;1
57;9;2;Floresta;11588;11566;22;-5;-6;1
57;9;2;Independência;8092;8069;23;2;-1;3
57;9;2;Menino Deus;31688;31622;66;7;0;7
57;9;2;Moinhos de Vento;11944;11917;27;5;-5;10
57;9;2;Praia de Belas;2264;2256;8;-3;-2;-1
57;9;2;Rio Branco;17532;17496;36;-1;-5;4
57;9;2;Santa Cecília;5751;5737;14;-3;-3;0
57;9;2;Santana;20744;20696;48;3;-2;5
58;10;2;Azenha;13799;13770;29;-5;-4;-1
58;10;2;Bom Fim;11570;11541;29;-6;-4;-2
58;10;2;Centro;39216;39132;84;22;-2;24
58;10;2;Cidade Baixa;15379;15341;38;-1;-6;5
58;10;2;Farroupilha;925;913;12;-7;-8;1
58;10;2;Floresta;11592;11563;29;4;-3;7
58;10;2;Independência;8089;8064;25;-3;-5;2
58;10;2;Menino Deus;31696;31620;76;8;-2;10
58;10;2;Moinhos de Vento;11944;11911;33;0;-6;6
58;10;2;Praia de Belas;2259;2251;8;-5;-5;0
58;10;2;Rio Branco;17536;17492;44;4;-4;8
58;10;2;Santa Cecília;5746;5733;13;-5;-4;-1
58;10;2;Santana;20738;20691;47;-6;-5;-1
59;11;2;Azenha;13800;13774;26;1;4;-3
59;11;2;Bom Fim;11572;11544;28;2;3;-1
59;11;2;Centro;39205;39136;69;-11;4;-15
59;11;2;Cidade Baixa;15385;15345;40;6;4;2
59;11;2;Farroupilha;931;918;13;6;5;1
59;11;2;Floresta;11596;11567;29;4;4;0
59;11;2;Independência;8095;8071;24;6;7;-1
59;11;2;Menino Deus;31683;31621;62;-13;1;-14
59;11;2;Moinhos de Vento;11937;11913;24;-7;2;-9
59;11;2;Praia de Belas;2261;2253;8;2;2;0
59;11;2;Rio Branco;17536;17497;39;0;5;-5
59;11;2;Santa Cecília;5747;5735;12;1;2;-1
59;11;2;Santana;20741;20694;47;3;3;0
60;12;2;Azenha;13813;13773;40;13;-1;14
60;12;2;Bom Fim;11580;11539;41;8;-5;13
60;12;2;Centro;39208;39134;74;3;-2;5
60;12;2;Cidade Baixa;15377;15341;36;-8;-4;-4
60;12;2;Farroupilha;930;913;17;-1;-5;4
60;12;2;Floresta;11595;11565;30;-1;-2;1
60;12;2;Independência;8091;8064;27;-4;-7;3
60;12;2;Menino Deus;31674;31618;56;-9;-3;-6
60;12;2;Moinhos de Vento;11943;11912;31;6;-1;7
60;12;2;Praia de Belas;2261;2253;8;0;0;0
60;12;2;Rio Branco;17534;17492;42;-2;-5;3
60;12;2;Santa Cecília;5746;5730;16;-1;-5;4
60;12;2;Santana;20737;20688;49;-4;-6;2
61;13;2;Azenha;13808;13766;42;-5;-7;2
61;13;2;Bom Fim;11573;11533;40;-7;-6;-1
61;13;2;Centro;39204;39128;76;-4;-6;2
61;13;2;Cidade Baixa;15384;15336;48;7;-5;12
61;13;2;Farroupilha;927;909;18;-3;-4;1
61;13;2;Floresta;11591;11559;32;-4;-6;2
61;13;2;Independência;8093;8059;34;2;-5;7
61;13;2;Menino Deus;31699;31617;82;25;-1;26
61;13;2;Moinhos de Vento;11943;11906;37;0;-6;6
61;13;2;Praia de Belas;2255;2246;9;-6;-7;1
61;13;2;Rio Branco;17534;17488;46;0;-4;4
61;13;2;Santa Cecília;5743;5726;17;-3;-4;1
61;13;2;Santana;20735;20684;51;-2;-4;2
62;14;2;Azenha;13813;13763;50;5;-3;8
62;14;2;Bom Fim;11569;11526;43;-4;-7;3
62;14;2;Centro;39201;39125;76;-3;-3;0
62;14;2;Cidade Baixa;15387;15334;53;3;-2;5
62;14;2;Farroupilha;923;904;19;-4;-5;1
62;14;2;Floresta;11597;11557;40;6;-2;8
62;14;2;Independência;8090;8054;36;-3;-5;2
62;14;2;Menino Deus;31691;31615;76;-8;-2;-6
62;14;2;Moinhos de Vento;11940;11902;38;-3;-4;1
62;14;2;Praia de Belas;2254;2245;9;-1;-1;0
62;14;2;Rio Branco;17547;17486;61;13;-2;15
62;14;2;Santa Cecília;5740;5720;20;-3;-6;3
62;14;2;Santana;20737;20680;57;2;-4;6
63;15;2;Azenha;13795;13748;47;-18;-15;-3
63;15;2;Bom Fim;11575;11517;58;6;-9;15
63;15;2;Centro;39231;39120;111;30;-5;35
63;15;2;Cidade Baixa;15379;15322;57;-8;-12;4
63;15;2;Farroupilha;910;890;20;-13;-14;1
63;15;2;Floresta;11596;11549;47;-1;-8;7
63;15;2;Independência;8088;8043;45;-2;-11;9
63;15;2;Menino Deus;31705;31607;98;14;-8;22
63;15;2;Moinhos de Vento;11939;11895;44;-1;-7;6
63;15;2;Praia de Belas;2243;2234;9;-11;-11;0
63;15;2;Rio Branco;17545;17477;68;-2;-9;7
63;15;2;Santa Cecília;5733;5710;23;-7;-10;3
63;15;2;Santana;20750;20675;75;13;-5;18
64;16;2;Azenha;13809;13739;70;14;-9;23
64;16;2;Bom Fim;11565;11502;63;-10;-15;5
64;16;2;Centro;39238;39114;124;7;-6;13
64;16;2;Cidade Baixa;15379;15313;66;0;-9;9
64;16;2;Farroupilha;902;877;25;-8;-13;5
64;16;2;Floresta;11597;11537;60;1;-12;13
64;16;2;Independência;8082;8027;55;-6;-16;10
64;16;2;Menino Deus;31698;31595;103;-7;-12;5
64;16;2;Moinhos de Vento;11948;11887;61;9;-8;17
64;16;2;Praia de Belas;2235;2225;10;-8;-9;1
64;16;2;Rio Branco;17541;17468;73;-4;-9;5
64;16;2;Santa Cecília;5732;5702;30;-1;-8;7
64;16;2;Santana;20763;20667;96;13;-8;21
65;17;2;Azenha;13804;13742;62;-5;3;-8
65;17;2;Bom Fim;11576;11507;69;11;5;6
65;17;2;Centro;39231;39114;117;-7;0;-7
65;17;2;Cidade Baixa;15386;15314;72;7;1;6
65;17;2;Farroupilha;904;879;25;2;2;0
65;17;2;Floresta;11603;11542;61;6;5;1
65;17;2;Independência;8078;8031;47;-4;4;-8
65;17;2;Menino Deus;31691;31596;95;-7;1;-8
65;17;2;Moinhos de Vento;11938;11886;52;-10;-1;-9
65;17;2;Praia de Belas;2237;2227;10;2;2;0
65;17;2;Rio Branco;17544;17471;73;3;3;0
65;17;2;Santa Cecília;5736;5703;33;4;1;3
65;17;2;Santana;20761;20669;92;-2;2;-4
66;18;2;Azenha;13804;13749;55;0;7;-7
66;18;2;Bom Fim;11563;11511;52;-13;4;-17
66;18;2;Centro;39231;39121;110;0;7;-7
66;18;2;Cidade Baixa;15373;15320;53;-13;6;-19
66;18;2;Farroupilha;916;890;26;12;11;1
66;18;2;Floresta;11591;11546;45;-12;4;-16
66;18;2;Independência;8093;8043;50;15;12;3
66;18;2;Menino Deus;31687;31604;83;-4;8;-12
66;18;2;Moinhos de Vento;11948;11890;58;10;4;6
66;18;2;Praia de Belas;2244;2234;10;7;7;0
66;18;2;Rio Branco;17542;17478;64;-2;7;-9
66;18;2;Santa Cecília;5741;5709;32;5;6;-1
66;18;2;Santana;20756;20676;80;-5;7;-12
67;19;2;Azenha;13810;13755;55;6;6;0
67;19;2;Bom Fim;11568;11516;52;5;5;0
67;19;2;Centro;39221;39123;98;-10;2;-12
67;19;2;Cidade Baixa;15378;15324;54;5;4;1
67;19;2;Farroupilha;921;894;27;5;4;1
67;19;2;Floresta;11596;11551;45;5;5;0
67;19;2;Independência;8091;8046;45;-2;3;-5
67;19;2;Menino Deus;31676;31606;70;-11;2;-13
67;19;2;Moinhos de Vento;11945;11894;51;-3;4;-7
67;19;2;Praia de Belas;2248;2238;10;4;4;0
67;19;2;Rio Branco;17541;17482;59;-1;4;-5
67;19;2;Santa Cecília;5744;5715;29;3;6;-3
67;19;2;Santana;20750;20679;71;-6;3;-9
68;20;2;Azenha;13802;13757;45;-8;2;-10
68;20;2;Bom Fim;11567;11516;51;-1;0;-1
68;20;2;Centro;39208;39125;83;-13;2;-15
68;20;2;Cidade Baixa;15382;15328;54;4;4;0
68;20;2;Farroupilha;930;899;31;9;5;4
68;20;2;Floresta;11599;11551;48;3;0;3
68;20;2;Independência;8091;8046;45;0;0;0
68;20;2;Menino Deus;31675;31608;67;-1;2;-3
68;20;2;Moinhos de Vento;11949;11897;52;4;3;1
68;20;2;Praia de Belas;2250;2240;10;2;2;0
68;20;2;Rio Branco;17549;17486;63;8;4;4
68;20;2;Santa Cecília;5749;5718;31;5;3;2
68;20;2;Santana;20738;20679;59;-12;0;-12
69;21;2;Azenha;13803;13760;43;1;3;-2
69;21;2;Bom Fim;11570;11521;49;3;5;-2
69;21;2;Centro;39195;39129;66;-13;4;-17
69;21;2;Cidade Baixa;15383;15334;49;1;6;-5
69;21;2;Farroupilha;936;905;31;6;6;0
69;21;2;Floresta;11596;11555;41;-3;4;-7
69;21;2;Independência;8096;8050;46;5;4;1
69;21;2;Menino Deus;31667;31610;57;-8;2;-10
69;21;2;Moinhos de Vento;11947;11902;45;-2;5;-7
69;21;2;Praia de Belas;2257;2246;11;7;6;1
69;21;2;Rio Branco;17542;17488;54;-7;2;-9
69;21;2;Santa Cecília;5756;5724;32;7;6;1
69;21;2;Santana;20741;20682;59;3;3;0
70;22;2;Azenha;13807;13766;41;4;6;-2
70;22;2;Bom Fim;11576;11527;49;6;6;0
70;22;2;Centro;39181;39130;51;-14;1;-15
70;22;2;Cidade Baixa;15383;15338;45;0;4;-4
70;22;2;Farroupilha;940;909;31;4;4;0
70;22;2;Floresta;11598;11559;39;2;4;-2
70;22;2;Independência;8103;8058;45;7;8;-1
70;22;2;Menino Deus;31659;31612;47;-8;2;-10
70;22;2;Moinhos de Vento;11947;11907;40;0;5;-5
70;22;2;Praia de Belas;2262;2250;12;5;4;1
70;22;2;Rio Branco;17539;17493;46;-3;5;-8
70;22;2;Santa Cecília;5761;5729;32;5;5;0
70;22;2;Santana;20733;20685;48;-8;3;-11
71;23;2;Azenha;13804;13804;0;-3;38;-41
71;23;2;Bom Fim;11593;11593;0;17;66;-49
71;23;2;Centro;39154;39154;0;-27;24;-51
71;23;2;Cidade Baixa;15379;15379;0;-4;41;-45
71;23;2;Farroupilha;961;961;0;21;52;-31
71;23;2;Floresta;11596;11596;0;-2;37;-39
71;23;2;Independência;8112;8112;0;9;54;-45
71;23;2;Menino Deus;31650;31650;0;-9;38;-47
71;23;2;Moinhos de Vento;11937;11937;0;-10;30;-40
71;23;2;Praia de Belas;2281;2281;0;19;31;-12
71;23;2;Rio Branco;17531;17531;0;-8;38;-46
71;23;2;Santa Cecília;5768;5768;0;7;39;-32
71;23;2;Santana;20723;20723;0;-10;38;-48
72;0;3;Azenha;13803;13801;2;-1;-3;2
72;0;3;Bom Fim;11593;11589;4;0;-4;4
72;0;3;Centro;39155;39154;1;1;0;1
72;0;3;Cidade Baixa;15379;15377;2;0;-2;2
72;0;3;Farroupilha;962;959;3;1;-2;3
72;0;3;Floresta;11596;11594;2;0;-2;2
72;0;3;Independência;8109;8106;3;-3;-6;3
72;0;3;Menino Deus;31649;31647;2;-1;-3;2
72;0;3;Moinhos de Vento;11939;11937;2;2;0;2
72;0;3;Praia de Belas;2281;2280;1;0;-1;1
72;0;3;Rio Branco;17531;17529;2;0;-2;2
72;0;3;Santa Cecília;5768;5766;2;0;-2;2
72;0;3;Santana;20724;20722;2;1;-1;2
73;1;3;Azenha;13802;13797;5;-1;-4;3
73;1;3;Bom Fim;11593;11585;8;0;-4;4
73;1;3;Centro;39170;39154;16;15;0;15
73;1;3;Cidade Baixa;15378;15374;4;-1;-3;2
73;1;3;Farroupilha;956;953;3;-6;-6;0
73;1;3;Floresta;11594;11590;4;-2;-4;2
73;1;3;Independência;8104;8099;5;-5;-7;2
73;1;3;Menino Deus;31652;31643;9;3;-4;7
73;1;3;Moinhos de Vento;11941;11936;5;2;-1;3
73;1;3;Praia de Belas;2278;2276;2;-3;-4;1
73;1;3;Rio Branco;17533;17527;6;2;-2;4
73;1;3;Santa Cecília;5764;5761;3;-4;-5;1
73;1;3;Santana;20724;20718;6;0;-4;4
74;2;3;Azenha;13801;13796;5;-1;-1;0
74;2;3;Bom Fim;11589;11581;8;-4;-4;0
74;2;3;Centro;39180;39153;27;10;-1;11
74;2;3;Cidade Baixa;15376;15372;4;-2;-2;0
74;2;3;Farroupilha;952;949;3;-4;-4;0
74;2;3;Floresta;11591;11587;4;-3;-3;0
74;2;3;Independência;8104;8098;6;0;-1;1
74;2;3;Menino Deus;31659;31641;18;7;-2;9
74;2;3;Moinhos de Vento;11939;11934;5;-2;-2;0
74;2;3;Praia de Belas;2277;2274;3;-1;-2;1
74;2;3;Rio Branco;17534;17525;9;1;-2;3
74;2;3;Santa Cecília;5762;5758;4;-2;-3;1
74;2;3;Santana;20725;20715;10;1;-3;4
75;3;3;Azenha;13802;13796;6;1;0;1
75;3;3;Bom Fim;11589;11582;7;0;1;-1
75;3;3;Centro;39173;39153;20;-7;0;-7
75;3;3;Cidade Baixa;15378;15373;5;2;1;1
75;3;3;Farroupilha;953;950;3;1;1;0
75;3;3;Floresta;11593;11589;4;2;2;0
75;3;3;Independência;8104;8098;6;0;0;0
75;3;3;Menino Deus;31656;31640;16;-3;-1;-2
75;3;3;Moinhos de Vento;11937;11933;4;-2;-1;-1
75;3;3;Praia de Belas;2278;2274;4;1;0;1
75;3;3;Rio Branco;17536;17525;11;2;0;2
75;3;3;Santa Cecília;5763;5759;4;1;1;0
75;3;3;Santana;20727;20715;12;2;0;2
76;4;3;Azenha;13803;13792;11;1;-4;5
76;4;3;Bom Fim;11590;11574;16;1;-8;9
76;4;3;Centro;39185;39152;33;12;-1;13
76;4;3;Cidade Baixa;15377;15367;10;-1;-6;5
76;4;3;Farroupilha;947;941;6;-6;-9;3
76;4;3;Floresta;11590;11583;7;-3;-6;3
76;4;3;Independência;8098;8086;12;-6;-12;6
76;4;3;Menino Deus;31663;31636;27;7;-4;11
76;4;3;Moinhos de Vento;11941;11932;9;4;-1;5
76;4;3;Praia de Belas;2274;2268;6;-4;-6;2
76;4;3;Rio Branco;17535;17519;16;-1;-6;5
76;4;3;Santa Cecília;5763;5755;8;0;-4;4
76;4;3;Santana;20723;20711;12;-4;-4;0
77;5;3;Azenha;13802;13791;11;-1;-1;0
77;5;3;Bom Fim;11587;11571;16;-3;-3;0
77;5;3;Centro;39185;39151;34;0;-1;1
77;5;3;Cidade Baixa;15377;15365;12;0;-2;2
77;5;3;Farroupilha;946;940;6;-1;-1;0
77;5;3;Floresta;11593;11584;9;3;1;2
77;5;3;Independência;8098;8086;12;0;0;0
77;5;3;Menino Deus;31663;31633;30;0;-3;3
77;5;3;Moinhos de Vento;11940;11931;9;-1;-1;0
77;5;3;Praia de Belas;2276;2269;7;2;1;1
77;5;3;Rio Branco;17532;17514;18;-3;-5;2
77;5;3;Santa Cecília;5764;5755;9;1;0;1
77;5;3;Santana;20726;20710;16;3;-1;4
78;6;3;Azenha;13802;13792;10;0;1;-1
78;6;3;Bom Fim;11589;11575;14;2;4;-2
78;6;3;Centro;39177;39152;25;-8;1;-9
78;6;3;Cidade Baixa;15378;15368;10;1;3;-2
78;6;3;Farroupilha;949;943;6;3;3;0
78;6;3;Floresta;11593;11585;8;0;1;-1
78;6;3;Independência;8101;8090;11;3;4;-1
78;6;3;Menino Deus;31655;31632;23;-8;-1;-7
78;6;3;Moinhos de Vento;11939;11931;8;-1;0;-1
78;6;3;Praia de Belas;2280;2272;8;4;3;1
78;6;3;Rio Branco;17535;17519;16;3;5;-2
78;6;3;Santa Cecília;5765;5757;8;1;2;-1
78;6;3;Santana;20726;20712;14;0;2;-2
79;7;3;Azenha;13803;13788;15;1;-4;5
79;7;3;Bom Fim;11582;11566;16;-7;-9;2
79;7;3;Centro;39196;39150;46;19;-2;21
79;7;3;Cidade Baixa;15379;15362;17;1;-6;7
79;7;3;Farroupilha;942;936;6;-7;-7;0
79;7;3;Floresta;11592;11582;10;-1;-3;2
79;7;3;Independência;8096;8084;12;-5;-6;1
79;7;3;Menino Deus;31660;31629;31;5;-3;8
79;7;3;Moinhos de Vento;11939;11928;11;0;-3;3
79;7;3;Praia de Belas;2276;2268;8;-4;-4;0
79;7;3;Rio Branco;17536;17513;23;1;-6;7
79;7;3;Santa Cecília;5762;5753;9;-3;-4;1
79;7;3;Santana;20726;20706;20;0;-6;6
80;8;3;Azenha;13803;13776;27;0;-12;12
80;8;3;Bom Fim;11578;11549;29;-4;-17;13
80;8;3;Centro;39198;39143;55;2;-7;9
80;8;3;Cidade Baixa;15380;15350;30;1;-12;13
80;8;3;Farroupilha;932;922;10;-10;-14;4
80;8;3;Floresta;11593;11572;21;1;-10;11
80;8;3;Independência;8090;8070;20;-6;-14;8
80;8;3;Menino Deus;31681;31622;59;21;-7;28
80;8;3;Moinhos de Vento;11939;11922;17;0;-6;6
80;8;3;Praia de Belas;2267;2258;9;-9;-10;1
80;8;3;Rio Branco;17533;17501;32;-3;-12;9
80;8;3;Santa Cecília;5754;5740;14;-8;-13;5
80;8;3;Santana;20741;20698;43;15;-8;23
81;9;3;Azenha;13804;13774;30;1;-2;3
81;9;3;Bom Fim;11576;11545;31;-2;-4;2
81;9;3;Centro;39194;39134;60;-4;-9;5
81;9;3;Cidade Baixa;15380;15347;33;0;-3;3
81;9;3;Farroupilha;932;921;11;0;-1;1
81;9;3;Floresta;11588;11566;22;-5;-6;1
81;9;3;Independência;8092;8069;23;2;-1;3
81;9;3;Menino Deus;31688;31622;66;7;0;7
81;9;3;Moinhos de Vento;11944;11917;27;5;-5;10
81;9;3;Praia de Belas;2264;2256;8;-3;-2;-1
81;9;3;Rio Branco;17532;17496;36;-1;-5;4
81;9;3;Santa Cecília;5751;5737;14;-3;-3;0
81;9;3;Santana;20744;20696;48;3;-2;5
82;10;3;Azenha;13799;13770;29;-5;-4;-1
82;10;3;Bom Fim;11570;11541;29;-6;-4;-2
82;10;3;Centro;39216;39132;84;22;-2;24
82;10;3;Cidade Baixa;15379;15341;38;-1;-6;5
82;10;3;Farroupilha;925;913;12;-7;-8;1
82;10;3;Floresta;11592;11563;29;4;-3;7
82;10;3;Independência;8089;8064;25;-3;-5;2
82;10;3;Menino Deus;31696;31620;76;8;-2;10
82;10;3;Moinhos de Vento;11944;11911;33;0;-6;6
82;10;3;Praia de Belas;2259;2251;8;-5;-5;0
82;10;3;Rio Branco;17536;17492;44;4;-4;8
82;10;3;Santa Cecília;5746;5733;13;-5;-4;-1
82;10;3;Santana;20738;20691;47;-6;-5;-1
83;11;3;Azenha;13800;13774;26;1;4;-3
83;11;3;Bom Fim;11572;11544;28;2;3;-1
83;11;3;Centro;39205;39136;69;-11;4;-15
83;11;3;Cidade Baixa;15385;15345;40;6;4;2
83;11;3;Farroupilha;931;918;13;6;5;1
83;11;3;Floresta;11596;11567;29;4;4;0
83;11;3;Independência;8095;8071;24;6;7;-1
83;11;3;Menino Deus;31683;31621;62;-13;1;-14
83;11;3;Moinhos de Vento;11937;11913;24;-7;2;-9
83;11;3;Praia de Belas;2261;2253;8;2;2;0
83;11;3;Rio Branco;17536;17497;39;0;5;-5
83;11;3;Santa Cecília;5747;5735;12;1;2;-1
83;11;3;Santana;20741;20694;47;3;3;0
84;12;3;Azenha;13813;13773;40;13;-1;14
84;12;3;Bom Fim;11580;11539;41;8;-5;13
84;12;3;Centro;39208;39134;74;3;-2;5
84;12;3;Cidade Baixa;15377;15341;36;-8;-4;-4
84;12;3;Farroupilha;930;913;17;-1;-5;4
84;12;3;Floresta;11595;11565;30;-1;-2;1
84;12;3;Independência;8091;8064;27;-4;-7;3
84;12;3;Menino Deus;31674;31618;56;-9;-3;-6
84;12;3;Moinhos de Vento;11943;11912;31;6;-1;7
84;12;3;Praia de Belas;2261;2253;8;0;0;0
84;12;3;Rio Branco;17534;17492;42;-2;-5;3
84;12;3;Santa Cecília;5746;5730;16;-1;-5;4
84;12;3;Santana;20737;20688;49;-4;-6;2
85;13;3;Azenha;13808;13766;42;-5;-7;2
85;13;3;Bom Fim;11573;11533;40;-7;-6;-1
85;13;3;Centro;39204;39128;76;-4;-6;2
85;13;3;Cidade Baixa;15384;15336;48;7;-5;12
85;13;3;Farroupilha;927;909;18;-3;-4;1
85;13;3;Floresta;11591;11559;32;-4;-6;2
85;13;3;Independência;8093;8059;34;2;-5;7
85;13;3;Menino Deus;31699;31617;82;25;-1;26
85;13;3;Moinhos de Vento;11943;11906;37;0;-6;6
85;13;3;Praia de Belas;2255;2246;9;-6;-7;1
85;13;3;Rio Branco;17534;17488;46;0;-4;4
85;13;3;Santa Cecília;5743;5726;17;-3;-4;1
85;13;3;Santana;20735;20684;51;-2;-4;2
86;14;3;Azenha;13813;13763;50;5;-3;8
86;14;3;Bom Fim;11569;11526;43;-4;-7;3
86;14;3;Centro;39201;39125;76;-3;-3;0
86;14;3;Cidade Baixa;15387;15334;53;3;-2;5
86;14;3;Farroupilha;923;904;19;-4;-5;1
86;14;3;Floresta;11597;11557;40;6;-2;8
86;14;3;Independência;8090;8054;36;-3;-5;2
86;14;3;Menino Deus;31691;31615;76;-8;-2;-6
86;14;3;Moinhos de Vento;11940;11902;38;-3;-4;1
86;14;3;Praia de Belas;2254;2245;9;-1;-1;0
86;14;3;Rio Branco;17547;17486;61;13;-2;15
86;14;3;Santa Cecília;5740;5720;20;-3;-6;3
86;14;3;Santana;20737;20680;57;2;-4;6
87;15;3;Azenha;13795;13748;47;-18;-15;-3
87;15;3;Bom Fim;11575;11517;58;6;-9;15
87;15;3;Centro;39231;39120;111;30;-5;35
87;15;3;Cidade Baixa;15379;15322;57;-8;-12;4
87;15;3;Farroupilha;910;890;20;-13;-14;1
87;15;3;Floresta;11596;11549;47;-1;-8;7
87;15;3;Independência;8088;8043;45;-2;-11;9
87;15;3;Menino Deus;31705;31607;98;14;-8;22
87;15;3;Moinhos de Vento;11939;11895;44;-1;-7;6
87;15;3;Praia de Belas;2243;2234;9;-11;-11;0
87;15;3;Rio Branco;17545;17477;68;-2;-9;7
87;15;3;Santa Cecília;5733;5710;23;-7;-10;3
87;15;3;Santana;20750;20675;75;13;-5;18
88;16;3;Azenha;13809;13739;70;14;-9;23
88;16;3;Bom Fim;11565;11502;63;-10;-15;5
88;16;3;Centro;39238;39114;124;7;-6;13
88;16;3;Cidade Baixa;15379;15313;66;0;-9;9
88;16;3;Farroupilha;902;877;25;-8;-13;5
88;16;3;Floresta;11597;11537;60;1;-12;13
88;16;3;Independência;8082;8027;55;-6;-16;10
88;16;3;Menino Deus;31698;31595;103;-7;-12;5
88;16;3;Moinhos de Vento;11948;11887;61;9;-8;17
88;16;3;Praia de Belas;2235;2225;10;-8;-9;1
88;16;3;Rio Branco;17541;17468;73;-4;-9;5
88;16;3;Santa Cecília;5732;5702;30;-1;-8;7
88;16;3;Santana;20763;20667;96;13;-8;21
89;17;3;Azenha;13804;13742;62;-5;3;-8
89;17;3;Bom Fim;11576;11507;69;11;5;6
89;17;3;Centro;39231;39114;117;-7;0;-7
89;17;3;Cidade Baixa;15386;15314;72;7;1;6
89;17;3;Farroupilha;904;879;25;2;2;0
89;17;3;Floresta;11603;11542;61;6;5;1
89;17;3;Independência;8078;8031;47;-4;4;-8
89;17;3;Menino Deus;31691;31596;95;-7;1;-8
89;17;3;Moinhos de Vento;11938;11886;52;-10;-1;-9
89;17;3;Praia de Belas;2237;2227;10;2;2;0
89;17;3;Rio Branco;17544;17471;73;3;3;0
89;17;3;Santa Cecília;5736;5703;33;4;1;3
89;17;3;Santana;20761;20669;92;-2;2;-4
90;18;3;Azenha;13804;13749;55;0;7;-7
90;18;3;Bom Fim;11563;11511;52;-13;4;-17
90;18;3;Centro;39231;39121;110;0;7;-7
90;18;3;Cidade Baixa;15373;15320;53;-13;6;-19
90;18;3;Farroupilha;916;890;26;12;11;1
90;18;3;Floresta;11591;11546;45;-12;4;-16
90;18;3;Independência;8093;8043;50;15;12;3
90;18;3;Menino Deus;31687;31604;83;-4;8;-12
90;18;3;Moinhos de Vento;11948;11890;58;10;4;6
90;18;3;Praia de Belas;2244;2234;10;7;7;0
90;18;3;Rio Branco;17542;17478;64;-2;7;-9
90;18;3;Santa Cecília;5741;5709;32;5;6;-1
90;18;3;Santana;20756;20676;80;-5;7;-12
91;19;3;Azenha;13810;13755;55;6;6;0
91;19;3;Bom Fim;11568;11516;52;5;5;0
91;19;3;Centro;39221;39123;98;-10;2;-12
91;19;3;Cidade Baixa;15378;15324;54;5;4;1
91;19;3;Farroupilha;921;894;27;5;4;1
91;19;3;Floresta;11596;11551;45;5;5;0
91;19;3;Independência;8091;8046;45;-2;3;-5
91;19;3;Menino Deus;31676;31606;70;-11;2;-13
91;19;3;Moinhos de Vento;11945;11894;51;-3;4;-7
91;19;3;Praia de Belas;2248;2238;10;4;4;0
91;19;3;Rio Branco;17541;17482;59;-1;4;-5
91;19;3;Santa Cecília;5744;5715;29;3;6;-3
91;19;3;Santana;20750;20679;71;-6;3;-9
92;20;3;Azenha;13802;13757;45;-8;2;-10
92;20;3;Bom Fim;11567;11516;51;-1;0;-1
92;20;3;Centro;39208;39125;83;-13;2;-15
92;20;3;Cidade Baixa;15382;15328;54;4;4;0
92;20;3;Farroupilha;930;899;31;9;5;4
92;20;3;Floresta;11599;11551;48;3;0;3
92;20;3;Independência;8091;8046;45;0;0;0
92;20;3;Menino Deus;31675;31608;67;-1;2;-3
92;20;3;Moinhos de Vento;11949;11897;52;4;3;1
92;20;3;Praia de Belas;2250;2240;10;2;2;0
92;20;3;Rio Branco;17549;17486;63;8;4;4
92;20;3;Santa Cecília;5749;5718;31;5;3;2
92;20;3;Santana;20738;20679;59;-12;0;-12
93;21;3;Azenha;13803;13760;43;1;3;-2
93;21;3;Bom Fim;11570;11521;49;3;5;-2
93;21;3;Centro;39195;39129;66;-13;4;-17
93;21;3;Cidade Baixa;15383;15334;49;1;6;-5
93;21;3;Farroupilha;936;905;31;6;6;0
93;21;3;Floresta;11596;11555;41;-3;4;-7
93;21;3;Independência;8096;8050;46;5;4;1
93;21;3;Menino Deus;31667;31610;57;-8;2;-10
93;21;3;Moinhos de Vento;11947;11902;45;-2;5;-7
93;21;3;Praia de Belas;2257;2246;11;7;6;1
93;21;3;Rio Branco;17542;17488;54;-7;2;-9
93;21;3;Santa Cecília;5756;5724;32;7;6;1
93;21;3;Santana;20741;20682;59;3;3;0
94;22;3;Azenha;13807;13766;41;4;6;-2
94;22;3;Bom Fim;11576;11527;49;6;6;0
94;22;3;Centro;39181;39130;51;-14;1;-15
94;22;3;Cidade Baixa;15383;15338;45;0;4;-4
94;22;3;Farroupilha;940;909;31;4;4;0
94;22;3;Floresta;11598;11559;39;2;4;-2
94;22;3;Independência;8103;8058;45;7;8;-1
94;22;3;Menino Deus;31659;31612;47;-8;2;-10
94;22;3;Moinhos de Vento;11947;11907;40;0;5;-5
94;22;3;Praia de Belas;2262;2250;12;5;4;1
94;22;3;Rio Branco;17539;17493;46;-3;5;-8
94;22;3;Santa Cecília;5761;5729;32;5;5;0
94;22;3;Santana;20733;20685;48;-8;3;-11
95;23;3;Azenha;13804;13804;0;-3;38;-41
95;23;3;Bom Fim;11593;11593;0;17;66;-49
95;23;3;Centro;39154;39154;0;-27;24;-51
95;23;3;Cidade Baixa;15379;15379;0;-4;41;-45
95;23;3;Farroupilha;961;961;0;21;52;-31
95;23;3;Floresta;11596;11596;0;-2;37;-39
95;23;3;Independência;8112;8112;0;9;54;-45
95;23;3;Menino Deus;31650;31650;0;-9;38;-47
95;23;3;Moinhos de Vento;11937;11937;0;-10;30;-40
95;23;3;Praia de Belas;2281;2281;0;19;31;-12
95;23;3;Rio Branco;17531;17531;0;-8;38;-46
95;23;3;Santa Cecília;5768;5768;0;7;39;-32
95;23;3;Santana;20723;20723;0;-10;38;-48
96;0;4;Azenha;13803;13801;2;-1;-3;2
96;0;4;Bom Fim;11593;11589;4;0;-4;4
96;0;4;Centro;39155;39154;1;1;0;1
96;0;4;Cidade Baixa;15379;15377;2;0;-2;2
96;0;4;Farroupilha;962;959;3;1;-2;3
96;0;4;Floresta;11596;11594;2;0;-2;2
96;0;4;Independência;8109;8106;3;-3;-6;3
96;0;4;Menino Deus;31649;31647;2;-1;-3;2
96;0;4;Moinhos de Vento;11939;11937;2;2;0;2
96;0;4;Praia de Belas;2281;2280;1;0;-1;1
96;0;4;Rio Branco;17531;17529;2;0;-2;2
96;0;4;Santa Cecília;5768;5766;2;0;-2;2
96;0;4;Santana;20724;20722;2;1;-1;2
97;1;4;Azenha;13802;13797;5;-1;-4;3
97;1;4;Bom Fim;11593;11585;8;0;-4;4
97;1;4;Centro;39170;39154;16;15;0;15
97;1;4;Cidade Baixa;15378;15374;4;-1;-3;2
97;1;4;Farroupilha;956;953;3;-6;-6;0
97;1;4;Floresta;11594;11590;4;-2;-4;2
97;1;4;Independência;8104;8099;5;-5;-7;2
97;1;4;Menino Deus;31652;31643;9;3;-4;7
97;1;4;Moinhos de Vento;11941;11936;5;2;-1;3
97;1;4;Praia de Belas;2278;2276;2;-3;-4;1
97;1;4;Rio Branco;17533;17527;6;2;-2;4
97;1;4;Santa Cecília;5764;5761;3;-4;-5;1
97;1;4;Santana;20724;20718;6;0;-4;4
98;2;4;Azenha;13801;13796;5;-1;-1;0
98;2;4;Bom Fim;11589;11581;8;-4;-4;0
98;2;4;Centro;39180;39153;27;10;-1;11
98;2;4;Cidade Baixa;15376;15372;4;-2;-2;0
98;2;4;Farroupilha;952;949;3;-4;-4;0
98;2;4;Floresta;11591;11587;4;-3;-3;0
98;2;4;Independência;8104;8098;6;0;-1;1
98;2;4;Menino Deus;31659;31641;18;7;-2;9
98;2;4;Moinhos de Vento;11939;11934;5;-2;-2;0
98;2;4;Praia de Belas;2277;2274;3;-1;-2;1
98;2;4;Rio Branco;17534;17525;9;1;-2;3
98;2;4;Santa Cecília;5762;5758;4;-2;-3;1
98;2;4;Santana;20725;20715;10;1;-3;4
99;3;4;Azenha;13802;13796;6;1;0;1
99;3;4;Bom Fim;11589;11582;7;0;1;-1
99;3;4;Centro;39173;39153;20;-7;0;-7
99;3;4;Cidade Baixa;15378;15373;5;2;1;1
99;3;4;Farroupilha;953;950;3;1;1;0
99;3;4;Floresta;11593;11589;4;2;2;0
99;3;4;Independência;8104;8098;6;0;0;0
99;3;4;Menino Deus;31656;31640;16;-3;-1;-2
99;3;4;Moinhos de Vento;11937;11933;4;-2;-1;-1
99;3;4;Praia de Belas;2278;2274;4;1;0;1
99;3;4;Rio Branco;17536;17525;11;2;0;2
99;3;4;Santa Cecília;5763;5759;4;1;1;0
99;3;4;Santana;20727;20715;12;2;0;2
100;4;4;Azenha;13803;13792;11;1;-4;5
100;4;4;Bom Fim;11590;11574;16;1;-8;9
100;4;4;Centro;39185;39152;33;12;-1;13
100;4;4;Cidade Baixa;15377;15367;10;-1;-6;5
100;4;4;Farroupilha;947;941;6;-6;-9;3
100;4;4;Floresta;11590;11583;7;-3;-6;3
100;4;4;Independência;8098;8086;12;-6;-12;6
100;4;4;Menino Deus;31663;31636;27;7;-4;11
100;4;4;Moinhos de Vento;11941;11932;9;4;-1;5
100;4;4;Praia de Belas;2274;2268;6;-4;-6;2
100;4;4;Rio Branco;17535;17519;16;-1;-6;5
100;4;4;Santa Cecília;5763;5755;8;0;-4;4
100;4;4;Santana;20723;20711;12;-4;-4;0
101;5;4;Azenha;13802;13791;11;-1;-1;0
101;5;4;Bom Fim;11587;11571;16;-3;-3;0
101;5;4;Centro;39185;39151;34;0;-1;1
101;5;4;Cidade Baixa;15377;15365;12;0;-2;2
101;5;4;Farroupilha;946;940;6;-1;-1;0
101;5;4;Floresta;11593;11584;9;3;1;2
101;5;4;Independência;8098;8086;12;0;0;0
101;5;4;Menino Deus;31663;31633;30;0;-3;3
101;5;4;Moinhos de Vento;11940;11931;9;-1;-1;0
101;5;4;Praia de Belas;2276;2269;7;2;1;1
101;5;4;Rio Branco;17532;17514;18;-3;-5;2
101;5;4;Santa Cecília;5764;5755;9;1;0;1
101;5;4;Santana;20726;20710;16;3;-1;4
102;6;4;Azenha;13802;13792;10;0;1;-1
102;6;4;Bom Fim;11589;11575;14;2;4;-2
102;6;4;Centro;39177;39152;25;-8;1;-9
102;6;4;Cidade Baixa;15378;15368;10;1;3;-2
102;6;4;Farroupilha;949;943;6;3;3;0
102;6;4;Floresta;11593;11585;8;0;1;-1
102;6;4;Independência;8101;8090;11;3;4;-1
102;6;4;Menino Deus;31655;31632;23;-8;-1;-7
102;6;4;Moinhos de Vento;11939;11931;8;-1;0;-1
102;6;4;Praia de Belas;2280;2272;8;4;3;1
102;6;4;Rio Branco;17535;17519;16;3;5;-2
102;6;4;Santa Cecília;5765;5757;8;1;2;-1
102;6;4;Santana;20726;20712;14;0;2;-2
103;7;4;Azenha;13803;13788;15;1;-4;5
103;7;4;Bom Fim;11582;11566;16;-7;-9;2
103;7;4;Centro;39196;39150;46;19;-2;21
103;7;4;Cidade Baixa;15379;15362;17;1;-6;7
103;7;4;Farroupilha;942;936;6;-7;-7;0
103;7;4;Floresta;11592;11582;10;-1;-3;2
103;7;4;Independência;8096;8084;12;-5;-6;1
103;7;4;Menino Deus;31660;31629;31;5;-3;8
103;7;4;Moinhos de Vento;11939;11928;11;0;-3;3
103;7;4;Praia de Belas;2276;2268;8;-4;-4;0
103;7;4;Rio Branco;17536;17513;23;1;-6;7
103;7;4;Santa Cecília;5762;5753;9;-3;-4;1
103;7;4;Santana;20726;20706;20;0;-6;6
104;8;4;Azenha;13803;13776;27;0;-12;12
104;8;4;Bom Fim;11578;11549;29;-4;-17;13
104;8;4;Centro;39198;39143;55;2;-7;9
104;8;4;Cidade Baixa;15380;15350;30;1;-12;13
104;8;4;Farroupilha;932;922;10;-10;-14;4
104;8;4;Floresta;11593;11572;21;1;-10;11
104;8;4;Independência;8090;8070;20;-6;-14;8
104;8;4;Menino Deus;31681;31622;59;21;-7;28
104;8;4;Moinhos de Vento;11939;11922;17;0;-6;6
104;8;4;Praia de Belas;2267;2258;9;-9;-10;1
104;8;4;Rio Branco;17533;17501;32;-3;-12;9
104;8;4;Santa Cecília;5754;5740;14;-8;-13;5
104;8;4;Santana;20741;20698;43;15;-8;23
105;9;4;Azenha;13804;13774;30;1;-2;3
105;9;4;Bom Fim;11576;11545;31;-2;-4;2
105;9;4;Centro;39194;39134;60;-4;-9;5
105;9;4;Cidade Baixa;15380;15347;33;0;-3;3
105;9;4;Farroupilha;932;921;11;0;-1;1
105;9;4;Floresta;11588;11566;22;-5;-6;1
105;9;4;Independência;8092;8069;23;2;-1;3
105;9;4;Menino Deus;31688;31622;66;7;0;7
105;9;4;Moinhos de Vento;11944;11917;27;5;-5;10
105;9;4;Praia de Belas;2264;2256;8;-3;-2;-1
105;9;4;Rio Branco;17532;17496;36;-1;-5;4
105;9;4;Santa Cecília;5751;5737;14;-3;-3;0
105;9;4;Santana;20744;20696;48;3;-2;5
106;10;4;Azenha;13799;13770;29;-5;-4;-1
106;10;4;Bom Fim;11570;11541;29;-6;-4;-2
106;10;4;Centro;39216;39132;84;22;-2;24
106;10;4;Cidade Baixa;15379;15341;38;-1;-6;5
106;10;4;Farroupilha;925;913;12;-7;-8;1
106;10;4;Floresta;11592;11563;29;4;-3;7
106;10;4;Independência;8089;8064;25;-3;-5;2
106;10;4;Menino Deus;31696;31620;76;8;-2;10
106;10;4;Moinhos de Vento;11944;11911;33;0;-6;6
106;10;4;Praia de Belas;2259;2251;8;-5;-5;0
106;10;4;Rio Branco;17536;17492;44;4;-4;8
106;10;4;Santa Cecília;5746;5733;13;-5;-4;-1
106;10;4;Santana;20738;20691;47;-6;-5;-1
107;11;4;Azenha;13800;13774;26;1;4;-3
107;11;4;Bom Fim;11572;11544;28;2;3;-1
107;11;4;Centro;39205;39136;69;-11;4;-15
107;11;4;Cidade Baixa;15385;15345;40;6;4;2
107;11;4;Farroupilha;931;918;13;6;5;1
107;11;4;Floresta;11596;11567;29;4;4;0
107;11;4;Independência;8095;8071;24;6;7;-1
107;11;4;Menino Deus;31683;31621;62;-13;1;-14
107;11;4;Moinhos de Vento;11937;11913;24;-7;2;-9
107;11;4;Praia de Belas;2261;2253;8;2;2;0
107;11;4;Rio Branco;17536;17497;39;0;5;-5
107;11;4;Santa Cecília;5747;5735;12;1;2;-1
107;11;4;Santana;20741;20694;47;3;3;0
108;12;4;Azenha;13813;13773;40;13;-1;14
108;12;4;Bom Fim;11580;11539;41;8;-5;13
108;12;4;Centro;39208;39134;74;3;-2;5
108;12;4;Cidade Baixa;15377;15341;36;-8;-4;-4
108;12;4;Farroupilha;930;913;17;-1;-5;4
108;12;4;Floresta;11595;11565;30;-1;-2;1
108;12;4;Independência;8091;8064;27;-4;-7;3
108;12;4;Menino Deus;31674;31618;56;-9;-3;-6
108;12;4;Moinhos de Vento;11943;11912;31;6;-1;7
108;12;4;Praia de Belas;2261;2253;8;0;0;0
108;12;4;Rio Branco;17534;17492;42;-2;-5;3
108;12;4;Santa Cecília;5746;5730;16;-1;-5;4
108;12;4;Santana;20737;20688;49;-4;-6;2
109;13;4;Azenha;13808;13766;42;-5;-7;2
109;13;4;Bom Fim;11573;11533;40;-7;-6;-1
109;13;4;Centro;39204;39128;76;-4;-6;2
109;13;4;Cidade Baixa;15384;15336;48;7;-5;12
109;13;4;Farroupilha;927;909;18;-3;-4;1
109;13;4;Floresta;11591;11559;32;-4;-6;2
109;13;4;Independência;8093;8059;34;2;-5;7
109;13;4;Menino Deus;31699;31617;82;25;-1;26
109;13;4;Moinhos de Vento;11943;11906;37;0;-6;6
109;13;4;Praia de Belas;2255;2246;9;-6;-7;1
109;13;4;Rio Branco;17534;17488;46;0;-4;4
109;13;4;Santa Cecília;5743;5726;17;-3;-4;1
109;13;4;Santana;20735;20684;51;-2;-4;2
110;14;4;Azenha;13813;13763;50;5;-3;8
110;14;4;Bom Fim;11569;11526;43;-4;-7;3
110;14;4;Centro;39201;39125;76;-3;-3;0
110;14;4;Cidade Baixa;15387;15334;53;3;-2;5
110;14;4;Farroupilha;923;904;19;-4;-5;1
110;14;4;Floresta;11597;11557;40;6;-2;8
110;14;4;Independência;8090;8054;36;-3;-5;2
110;14;4;Menino Deus;31691;31615;76;-8;-2;-6
110;14;4;Moinhos de Vento;11940;11902;38;-3;-4;1
110;14;4;Praia de Belas;2254;2245;9;-1;-1;0
110;14;4;Rio Branco;17547;17486;61;13;-2;15
110;14;4;Santa Cecília;5740;5720;20;-3;-6;3
110;14;4;Santana;20737;20680;57;2;-4;6
111;15;4;Azenha;13795;13748;47;-18;-15;-3
111;15;4;Bom Fim;11575;11517;58;6;-9;15
111;15;4;Centro;39231;39120;111;30;-5;35
111;15;4;Cidade Baixa;15379;15322;57;-8;-12;4
111;15;4;Farroupilha;910;890;20;-13;-14;1
111;15;4;Floresta;11596;11549;47;-1;-8;7
111;15;4;Independência;8088;8043;45;-2;-11;9
111;15;4;Menino Deus;31705;31607;98;14;-8;22
111;15;4;Moinhos de Vento;11939;11895;44;-1;-7;6
111;15;4;Praia de Belas;2243;2234;9;-11;-11;0
111;15;4;Rio Branco;17545;17477;68;-2;-9;7
111;15;4;Santa Cecília;5733;5710;23;-7;-10;3
111;15;4;Santana;20750;20675;75;13;-5;18
112;16;4;Azenha;13809;13739;70;14;-9;23
112;16;4;Bom Fim;11565;11502;63;-10;-15;5
112;16;4;Centro;39238;39114;124;7;-6;13
112;16;4;Cidade Baixa;15379;15313;66;0;-9;9
112;16;4;Farroupilha;902;877;25;-8;-13;5
112;16;4;Floresta;11597;11537;60;1;-12;13
112;16;4;Independência;8082;8027;55;-6;-16;10
112;16;4;Menino Deus;31698;31595;103;-7;-12;5
112;16;4;Moinhos de Vento;11948;11887;61;9;-8;17
112;16;4;Praia de Belas;2235;2225;10;-8;-9;1
112;16;4;Rio Branco;17541;17468;73;-4;-9;5
112;16;4;Santa Cecília;5732;5702;30;-1;-8;7
112;16;4;Santana;20763;20667;96;13;-8;21
113;17;4;Azenha;13804;13742;62;-5;3;-8
113;17;4;Bom Fim;11576;11507;69;11;5;6
113;17;4;Centro;39231;39114;117;-7;0;-7
113;17;4;Cidade Baixa;15386;15314;72;7;1;6
113;17;4;Farroupilha;904;879;25;2;2;0
113;17;4;Floresta;11603;11542;61;6;5;1
113;17;4;Independência;8078;8031;47;-4;4;-8
113;17;4;Menino Deus;31691;31596;95;-7;1;-8
113;17;4;Moinhos de Vento;11938;11886;52;-10;-1;-9
113;17;4;Praia de Belas;2237;2227;10;2;2;0
113;17;4;Rio Branco;17544;17471;73;3;3;0
113;17;4;Santa Cecília;5736;5703;33;4;1;3
113;17;4;Santana;20761;20669;92;-2;2;-4
114;18;4;Azenha;13804;13749;55;0;7;-7
114;18;4;Bom Fim;11563;11511;52;-13;4;-17
114;18;4;Centro;39231;39121;110;0;7;-7
114;18;4;Cidade Baixa;15373;15320;53;-13;6;-19
114;18;4;Farroupilha;916;890;26;12;11;1
114;18;4;Floresta;11591;11546;45;-12;4;-16
114;18;4;Independência;8093;8043;50;15;12;3
114;18;4;Menino Deus;31687;31604;83;-4;8;-12
114;18;4;Moinhos de Vento;11948;11890;58;10;4;6
114;18;4;Praia de Belas;2244;2234;10;7;7;0
114;18;4;Rio Branco;17542;17478;64;-2;7;-9
114;18;4;Santa Cecília;5741;5709;32;5;6;-1
114;18;4;Santana;20756;20676;80;-5;7;-12
115;19;4;Azenha;13810;13755;55;6;6;0
115;19;4;Bom Fim;11568;11516;52;5;5;0
115;19;4;Centro;39221;39123;98;-10;2;-12
115;19;4;Cidade Baixa;15378;15324;54;5;4;1
115;19;4;Farroupilha;921;894;27;5;4;1
115;19;4;Floresta;11596;11551;45;5;5;0
115;19;4;Independência;8091;8046;45;-2;3;-5
115;19;4;Menino Deus;31676;31606;70;-11;2;-13
115;19;4;Moinhos de Vento;11945;11894;51;-3;4;-7
115;19;4;Praia de Belas;2248;2238;10;4;4;0
115;19;4;Rio Branco;17541;17482;59;-1;4;-5
115;19;4;Santa Cecília;5744;5715;29;3;6;-3
115;19;4;Santana;20750;20679;71;-6;3;-9
116;20;4;Azenha;13802;13757;45;-8;2;-10
116;20;4;Bom Fim;11567;11516;51;-1;0;-1
116;20;4;Centro;39208;39125;83;-13;2;-15
116;20;4;Cidade Baixa;15382;15328;54;4;4;0
116;20;4;Farroupilha;930;899;31;9;5;4
116;20;4;Floresta;11599;11551;48;3;0;3
116;20;4;Independência;8091;8046;45;0;0;0
116;20;4;Menino Deus;31675;31608;67;-1;2;-3
116;20;4;Moinhos de Vento;11949;11897;52;4;3;1
116;20;4;Praia de Belas;2250;2240;10;2;2;0
116;20;4;Rio Branco;17549;17486;63;8;4;4
116;20;4;Santa Cecília;5749;5718;31;5;3;2
116;20;4;Santana;20738;20679;59;-12;0;-12
117;21;4;Azenha;13803;13760;43;1;3;-2
117;21;4;Bom Fim;11570;11521;49;3;5;-2
117;21;4;Centro;39195;39129;66;-13;4;-17
117;21;4;Cidade Baixa;15383;15334;49;1;6;-5
117;21;4;Farroupilha;936;905;31;6;6;0
117;21;4;Floresta;11596;11555;41;-3;4;-7
117;21;4;Independência;8096;8050;46;5;4;1
117;21;4;Menino Deus;31667;31610;57;-8;2;-10
117;21;4;Moinhos de Vento;11947;11902;45;-2;5;-7
117;21;4;Praia de Belas;2257;2246;11;7;6;1
117;21;4;Rio Branco;17542;17488;54;-7;2;-9
117;21;4;Santa Cecília;5756;5724;32;7;6;1
117;21;4;Santana;20741;20682;59;3;3;0
118;22;4;Azenha;13807;13766;41;4;6;-2
118;22;4;Bom Fim;11576;11527;49;6;6;0
118;22;4;Centro;39181;39130;51;-14;1;-15
118;22;4;Cidade Baixa;15383;15338;45;0;4;-4
118;22;4;Farroupilha;940;909;31;4;4;0
118;22;4;Floresta;11598;11559;39;2;4;-2
118;22;4;Independência;8103;8058;45;7;8;-1
118;22;4;Menino Deus;31659;31612;47;-8;2;-10
118;22;4;Moinhos de Vento;11947;11907;40;0;5;-5
118;22;4;Praia de Belas;2262;2250;12;5;4;1
118;22;4;Rio Branco;17539;17493;46;-3;5;-8
118;22;4;Santa Cecília;5761;5729;32;5;5;0
118;22;4;Santana;20733;20685;48;-8;3;-11
119;23;4;Azenha;13804;13804;0;-3;38;-41
119;23;4;Bom Fim;11593;11593;0;17;66;-49
119;23;4;Centro;39154;39154;0;-27;24;-51
119;23;4;Cidade Baixa;15379;15379;0;-4;41;-45
119;23;4;Farroupilha;961;961;0;21;52;-31
119;23;4;Floresta;11596;11596;0;-2;37;-39
119;23;4;Independência;8112;8112;0;9;54;-45
119;23;4;Menino Deus;31650;31650;0;-9;38;-47
119;23;4;Moinhos de Vento;11937;11937;0;-10;30;-40
119;23;4;Praia de Belas;2281;2281;0;19;31;-12
119;23;4;Rio Branco;17531;17531;0;-8;38;-46
119;23;4;Santa Cecília;5768;5768;0;7;39;-32
119;23;4;Santana;20723;20723;0;-10;38;-48
120;0;5;Azenha;13803;13801;2;-1;-3;2
120;0;5;Bom Fim;11593;11589;4;0;-4;4
120;0;5;Centro;39155;39154;1;1;0;1
120;0;5;Cidade Baixa;15379;15377;2;0;-2;2
120;0;5;Farroupilha;962;959;3;1;-2;3
120;0;5;Floresta;11596;11594;2;0;-2;2
120;0;5;Independência;8109;8106;3;-3;-6;3
120;0;5;Menino Deus;31649;31647;2;-1;-3;2
120;0;5;Moinhos de Vento;11939;11937;2;2;0;2
120;0;5;Praia de Belas;2281;2280;1;0;-1;1
120;0;5;Rio Branco;17531;17529;2;0;-2;2
120;0;5;Santa Cecília;5768;5766;2;0;-2;2
120;0;5;Santana;20724;20722;2;1;-1;2
121;1;5;Azenha;13802;13797;5;-1;-4;3
121;1;5;Bom Fim;11593;11585;8;0;-4;4
121;1;5;Centro;39170;39154;16;15;0;15
121;1;5;Cidade Baixa;15378;15374;4;-1;-3;2
121;1;5;Farroupilha;956;953;3;-6;-6;0
121;1;5;Floresta;11594;11590;4;-2;-4;2
121;1;5;Independência;8104;8099;5;-5;-7;2
121;1;5;Menino Deus;31652;31643;9;3;-4;7
121;1;5;Moinhos de Vento;11941;11936;5;2;-1;3
121;1;5;Praia de Belas;2278;2276;2;-3;-4;1
121;1;5;Rio Branco;17533;17527;6;2;-2;4
121;1;5;Santa Cecília;5764;5761;3;-4;-5;1
121;1;5;Santana;20724;20718;6;0;-4;4
122;2;5;Azenha;13801;13796;5;-1;-1;0
122;2;5;Bom Fim;11589;11581;8;-4;-4;0
122;2;5;Centro;39180;39153;27;10;-1;11
122;2;5;Cidade Baixa;15376;15372;4;-2;-2;0
122;2;5;Farroupilha;952;949;3;-4;-4;0
122;2;5;Floresta;11591;11587;4;-3;-3;0
122;2;5;Independência;8104;8098;6;0;-1;1
122;2;5;Menino Deus;31659;31641;18;7;-2;9
122;2;5;Moinhos de Vento;11939;11934;5;-2;-2;0
122;2;5;Praia de Belas;2277;2274;3;-1;-2;1
122;2;5;Rio Branco;17534;17525;9;1;-2;3
122;2;5;Santa Cecília;5762;5758;4;-2;-3;1
122;2;5;Santana;20725;20715;10;1;-3;4
123;3;5;Azenha;13802;13796;6;1;0;1
123;3;5;Bom Fim;11589;11582;7;0;1;-1
123;3;5;Centro;39173;39153;20;-7;0;-7
123;3;5;Cidade Baixa;15378;15373;5;2;1;1
123;3;5;Farroupilha;953;950;3;1;1;0
123;3;5;Floresta;11593;11589;4;2;2;0
123;3;5;Independência;8104;8098;6;0;0;0
123;3;5;Menino Deus;31656;31640;16;-3;-1;-2
123;3;5;Moinhos de Vento;11937;11933;4;-2;-1;-1
123;3;5;Praia de Belas;2278;2274;4;1;0;1
123;3;5;Rio Branco;17536;17525;11;2;0;2
123;3;5;Santa Cecília;5763;5759;4;1;1;0
123;3;5;Santana;20727;20715;12;2;0;2
124;4;5;Azenha;13803;13792;11;1;-4;5
124;4;5;Bom Fim;11590;11574;16;1;-8;9
124;4;5;Centro;39185;39152;33;12;-1;13
124;4;5;Cidade Baixa;15377;15367;10;-1;-6;5
124;4;5;Farroupilha;947;941;6;-6;-9;3
124;4;5;Floresta;11590;11583;7;-3;-6;3
124;4;5;Independência;8098;8086;12;-6;-12;6
124;4;5;Menino Deus;31663;31636;27;7;-4;11
124;4;5;Moinhos de Vento;11941;11932;9;4;-1;5
124;4;5;Praia de Belas;2274;2268;6;-4;-6;2
124;4;5;Rio Branco;17535;17519;16;-1;-6;5
124;4;5;Santa Cecília;5763;5755;8;0;-4;4
124;4;5;Santana;20723;20711;12;-4;-4;0
125;5;5;Azenha;13802;13791;11;-1;-1;0
125;5;5;Bom Fim;11587;11571;16;-3;-3;0
125;5;5;Centro;39185;39151;34;0;-1;1
125;5;5;Cidade Baixa;15377;15365;12;0;-2;2
125;5;5;Farroupilha;946;940;6;-1;-1;0
125;5;5;Floresta;11593;11584;9;3;1;2
125;5;5;Independência;8098;8086;12;0;0;0
125;5;5;Menino Deus;31663;31633;30;0;-3;3
125;5;5;Moinhos de Vento;11940;11931;9;-1;-1;0
125;5;5;Praia de Belas;2276;2269;7;2;1;1
125;5;5;Rio Branco;17532;17514;18;-3;-5;2
125;5;5;Santa Cecília;5764;5755;9;1;0;1
125;5;5;Santana;20726;20710;16;3;-1;4
126;6;5;Azenha;13802;13792;10;0;1;-1
126;6;5;Bom Fim;11589;11575;14;2;4;-2
126;6;5;Centro;39177;39152;25;-8;1;-9
126;6;5;Cidade Baixa;15378;15368;10;1;3;-2
126;6;5;Farroupilha;949;943;6;3;3;0
126;6;5;Floresta;11593;11585;8;0;1;-1
126;6;5;Independência;8101;8090;11;3;4;-1
126;6;5;Menino Deus;31655;31632;23;-8;-1;-7
126;6;5;Moinhos de Vento;11939;11931;8;-1;0;-1
126;6;5;Praia de Belas;2280;2272;8;4;3;1
126;6;5;Rio Branco;17535;17519;16;3;5;-2
126;6;5;Santa Cecília;5765;5757;8;1;2;-1
126;6;5;Santana;20726;20712;14;0;2;-2
127;7;5;Azenha;13803;13788;15;1;-4;5
127;7;5;Bom Fim;11582;11566;16;-7;-9;2
127;7;5;Centro;39196;39150;46;19;-2;21
127;7;5;Cidade Baixa;15379;15362;17;1;-6;7
127;7;5;Farroupilha;942;936;6;-7;-7;0
127;7;5;Floresta;11592;11582;10;-1;-3;2
127;7;5;Independência;8096;8084;12;-5;-6;1
127;7;5;Menino Deus;31660;31629;31;5;-3;8
127;7;5;Moinhos de Vento;11939;11928;11;0;-3;3
127;7;5;Praia de Belas;2276;2268;8;-4;-4;0
127;7;5;Rio Branco;17536;17513;23;1;-6;7
127;7;5;Santa Cecília;5762;5753;9;-3;-4;1
127;7;5;Santana;20726;20706;20;0;-6;6
128;8;5;Azenha;13803;13776;27;0;-12;12
128;8;5;Bom Fim;11578;11549;29;-4;-17;13
128;8;5;Centro;39198;39143;55;2;-7;9
128;8;5;Cidade Baixa;15380;15350;30;1;-12;13
128;8;5;Farroupilha;932;922;10;-10;-14;4
128;8;5;Floresta;11593;11572;21;1;-10;11
128;8;5;Independência;8090;8070;20;-6;-14;8
128;8;5;Menino Deus;31681;31622;59;21;-7;28
128;8;5;Moinhos de Vento;11939;11922;17;0;-6;6
128;8;5;Praia de Belas;2267;2258;9;-9;-10;1
128;8;5;Rio Branco;17533;17501;32;-3;-12;9
128;8;5;Santa Cecília;5754;5740;14;-8;-13;5
128;8;5;Santana;20741;20698;43;15;-8;23
129;9;5;Azenha;13804;13774;30;1;-2;3
129;9;5;Bom Fim;11576;11545;31;-2;-4;2
129;9;5;Centro;39194;39134;60;-4;-9;5
129;9;5;Cidade Baixa;15380;15347;33;0;-3;3
129;9;5;Farroupilha;932;921;11;0;-1;1
129;9;5;Floresta;11588;11566;22;-5;-6;1
129;9;5;Independência;8092;8069;23;2;-1;3
129;9;5;Menino Deus;31688;31622;66;7;0;7
129;9;5;Moinhos de Vento;11944;11917;27;5;-5;10
129;9;5;Praia de Belas;2264;2256;8;-3;-2;-1
129;9;5;Rio Branco;17532;17496;36;-1;-5;4
129;9;5;Santa Cecília;5751;5737;14;-3;-3;0
129;9;5;Santana;20744;20696;48;3;-2;5
130;10;5;Azenha;13799;13770;29;-5;-4;-1
130;10;5;Bom Fim;11570;11541;29;-6;-4;-2
130;10;5;Centro;39216;39132;84;22;-2;24
130;10;5;Cidade Baixa;15379;15341;38;-1;-6;5
130;10;5;Farroupilha;925;913;12;-7;-8;1
130;10;5;Floresta;11592;11563;29;4;-3;7
130;10;5;Independência;8089;8064;25;-3;-5;2
130;10;5;Menino Deus;31696;31620;76;8;-2;10
130;10;5;Moinhos de Vento;11944;11911;33;0;-6;6
130;10;5;Praia de Belas;2259;2251;8;-5;-5;0
130;10;5;Rio Branco;17536;17492;44;4;-4;8
130;10;5;Santa Cecília;5746;5733;13;-5;-4;-1
130;10;5;Santana;20738;20691;47;-6;-5;-1
131;11;5;Azenha;13800;13774;26;1;4;-3
131;11;5;Bom Fim;11572;11544;28;2;3;-1
131;11;5;Centro;39205;39136;69;-11;4;-15
131;11;5;Cidade Baixa;15385;15345;40;6;4;2
131;11;5;Farroupilha;931;918;13;6;5;1
131;11;5;Floresta;11596;11567;29;4;4;0
131;11;5;Independência;8095;8071;24;6;7;-1
131;11;5;Menino Deus;31683;31621;62;-13;1;-14
131;11;5;Moinhos de Vento;11937;11913;24;-7;2;-9
131;11;5;Praia de Belas;2261;2253;8;2;2;0
131;11;5;Rio Branco;17536;17497;39;0;5;-5
131;11;5;Santa Cecília;5747;5735;12;1;2;-1
131;11;5;Santana;20741;20694;47;3;3;0
132;12;5;Azenha;13813;13773;40;13;-1;14
132;12;5;Bom Fim;11580;11539;41;8;-5;13
132;12;5;Centro;39208;39134;74;3;-2;5
132;12;5;Cidade Baixa;15377;15341;36;-8;-4;-4
132;12;5;Farroupilha;930;913;17;-1;-5;4
132;12;5;Floresta;11595;11565;30;-1;-2;1
132;12;5;Independência;8091;8064;27;-4;-7;3
132;12;5;Menino Deus;31674;31618;56;-9;-3;-6
132;12;5;Moinhos de Vento;11943;11912;31;6;-1;7
132;12;5;Praia de Belas;2261;2253;8;0;0;0
132;12;5;Rio Branco;17534;17492;42;-2;-5;3
132;12;5;Santa Cecília;5746;5730;16;-1;-5;4
132;12;5;Santana;20737;20688;49;-4;-6;2
133;13;5;Azenha;13808;13766;42;-5;-7;2
133;13;5;Bom Fim;11573;11533;40;-7;-6;-1
133;13;5;Centro;39204;39128;76;-4;-6;2
133;13;5;Cidade Baixa;15384;15336;48;7;-5;12
133;13;5;Farroupilha;927;909;18;-3;-4;1
133;13;5;Floresta;11591;11559;32;-4;-6;2
133;13;5;Independência;8093;8059;34;2;-5;7
133;13;5;Menino Deus;31699;31617;82;25;-1;26
133;13;5;Moinhos de Vento;11943;11906;37;0;-6;6
133;13;5;Praia de Belas;2255;2246;9;-6;-7;1
133;13;5;Rio Branco;17534;17488;46;0;-4;4
133;13;5;Santa Cecília;5743;5726;17;-3;-4;1
133;13;5;Santana;20735;20684;51;-2;-4;2
134;14;5;Azenha;13813;13763;50;5;-3;8
134;14;5;Bom Fim;11569;11526;43;-4;-7;3
134;14;5;Centro;39201;39125;76;-3;-3;0
134;14;5;Cidade Baixa;15387;15334;53;3;-2;5
134;14;5;Farroupilha;923;904;19;-4;-5;1
134;14;5;Floresta;11597;11557;40;6;-2;8
134;14;5;Independência;8090;8054;36;-3;-5;2
134;14;5;Menino Deus;31691;31615;76;-8;-2;-6
134;14;5;Moinhos de Vento;11940;11902;38;-3;-4;1
134;14;5;Praia de Belas;2254;2245;9;-1;-1;0
134;14;5;Rio Branco;17547;17486;61;13;-2;15
134;14;5;Santa Cecília;5740;5720;20;-3;-6;3
134;14;5;Santana;20737;20680;57;2;-4;6
135;15;5;Azenha;13795;13748;47;-18;-15;-3
135;15;5;Bom Fim;11575;11517;58;6;-9;15
135;15;5;Centro;39231;39120;111;30;-5;35
135;15;5;Cidade Baixa;15379;15322;57;-8;-12;4
135;15;5;Farroupilha;910;890;20;-13;-14;1
135;15;5;Floresta;11596;11549;47;-1;-8;7
135;15;5;Independência;8088;8043;45;-2;-11;9
135;15;5;Menino Deus;31705;31607;98;14;-8;22
135;15;5;Moinhos de Vento;11939;11895;44;-1;-7;6
135;15;5;Praia de Belas;2243;2234;9;-11;-11;0
135;15;5;Rio Branco;17545;17477;68;-2;-9;7
135;15;5;Santa Cecília;5733;5710;23;-7;-10;3
135;15;5;Santana;20750;20675;75;13;-5;18
136;16;5;Azenha;13809;13739;70;14;-9;23
136;16;5;Bom Fim;11565;11502;63;-10;-15;5
136;16;5;Centro;39238;39114;124;7;-6;13
136;16;5;Cidade Baixa;15379;15313;66;0;-9;9
136;16;5;Farroupilha;902;877;25;-8;-13;5
136;16;5;Floresta;11597;11537;60;1;-12;13
136;16;5;Independência;8082;8027;55;-6;-16;10
136;16;5;Menino Deus;31698;31595;103;-7;-12;5
136;16;5;Moinhos de Vento;11948;11887;61;9;-8;17
136;16;5;Praia de Belas;2235;2225;10;-8;-9;1
136;16;5;Rio Branco;17541;17468;73;-4;-9;5
136;16;5;Santa Cecília;5732;5702;30;-1;-8;7
136;16;5;Santana;20763;20667;96;13;-8;21
137;17;5;Azenha;13804;13742;62;-5;3;-8
137;17;5;Bom Fim;11576;11507;69;11;5;6
137;17;5;Centro;39231;39114;117;-7;0;-7
137;17;5;Cidade Baixa;15386;15314;72;7;1;6
137;17;5;Farroupilha;904;879;25;2;2;0
137;17;5;Floresta;11603;11542;61;6;5;1
137;17;5;Independência;8078;8031;47;-4;4;-8
137;17;5;Menino Deus;31691;31596;95;-7;1;-8
137;17;5;Moinhos de Vento;11938;11886;52;-10;-1;-9
137;17;5;Praia de Belas;2237;2227;10;2;2;0
137;17;5;Rio Branco;17544;17471;73;3;3;0
137;17;5;Santa Cecília;5736;5703;33;4;1;3
137;17;5;Santana;20761;20669;92;-2;2;-4
138;18;5;Azenha;13804;13749;55;0;7;-7
138;18;5;Bom Fim;11563;11511;52;-13;4;-17
138;18;5;Centro;39231;39121;110;0;7;-7
138;18;5;Cidade Baixa;15373;15320;53;-13;6;-19
138;18;5;Farroupilha;916;890;26;12;11;1
138;18;5;Floresta;11591;11546;45;-12;4;-16
138;18;5;Independência;8093;8043;50;15;12;3
138;18;5;Menino Deus;31687;31604;83;-4;8;-12
138;18;5;Moinhos de Vento;11948;11890;58;10;4;6
138;18;5;Praia de Belas;2244;2234;10;7;7;0
138;18;5;Rio Branco;17542;17478;64;-2;7;-9
138;18;5;Santa Cecília;5741;5709;32;5;6;-1
138;18;5;Santana;20756;20676;80;-5;7;-12
139;19;5;Azenha;13810;13755;55;6;6;0
139;19;5;Bom Fim;11568;11516;52;5;5;0
139;19;5;Centro;39221;39123;98;-10;2;-12
139;19;5;Cidade Baixa;15378;15324;54;5;4;1
139;19;5;Farroupilha;921;894;27;5;4;1
139;19;5;Floresta;11596;11551;45;5;5;0
139;19;5;Independência;8091;8046;45;-2;3;-5
139;19;5;Menino Deus;31676;31606;70;-11;2;-13
139;19;5;Moinhos de Vento;11945;11894;51;-3;4;-7
139;19;5;Praia de Belas;2248;2238;10;4;4;0
139;19;5;Rio Branco;17541;17482;59;-1;4;-5
139;19;5;Santa Cecília;5744;5715;29;3;6;-3
139;19;5;Santana;20750;20679;71;-6;3;-9
140;20;5;Azenha;13802;13757;45;-8;2;-10
140;20;5;Bom Fim;11567;11516;51;-1;0;-1
140;20;5;Centro;39208;39125;83;-13;2;-15
140;20;5;Cidade Baixa;15382;15328;54;4;4;0
140;20;5;Farroupilha;930;899;31;9;5;4
140;20;5;Floresta;11599;11551;48;3;0;3
140;20;5;Independência;8091;8046;45;0;0;0
140;20;5;Menino Deus;31675;31608;67;-1;2;-3
140;20;5;Moinhos de Vento;11949;11897;52;4;3;1
140;20;5;Praia de Belas;2250;2240;10;2;2;0
140;20;5;Rio Branco;17549;17486;63;8;4;4
140;20;5;Santa Cecília;5749;5718;31;5;3;2
140;20;5;Santana;20738;20679;59;-12;0;-12
141;21;5;Azenha;13803;13760;43;1;3;-2
141;21;5;Bom Fim;11570;11521;49;3;5;-2
141;21;5;Centro;39195;39129;66;-13;4;-17
141;21;5;Cidade Baixa;15383;15334;49;1;6;-5
141;21;5;Farroupilha;936;905;31;6;6;0
141;21;5;Floresta;11596;11555;41;-3;4;-7
141;21;5;Independência;8096;8050;46;5;4;1
141;21;5;Menino Deus;31667;31610;57;-8;2;-10
141;21;5;Moinhos de Vento;11947;11902;45;-2;5;-7
141;21;5;Praia de Belas;2257;2246;11;7;6;1
141;21;5;Rio Branco;17542;17488;54;-7;2;-9
141;21;5;Santa Cecília;5756;5724;32;7;6;1
141;21;5;Santana;20741;20682;59;3;3;0
142;22;5;Azenha;13807;13766;41;4;6;-2
142;22;5;Bom Fim;11576;11527;49;6;6;0
142;22;5;Centro;39181;39130;51;-14;1;-15
142;22;5;Cidade Baixa;15383;15338;45;0;4;-4
142;22;5;Farroupilha;940;909;31;4;4;0
142;22;5;Floresta;11598;11559;39;2;4;-2
142;22;5;Independência;8103;8058;45;7;8;-1
142;22;5;Menino Deus;31659;31612;47;-8;2;-10
142;22;5;Moinhos de Vento;11947;11907;40;0;5;-5
142;22;5;Praia de Belas;2262;2250;12;5;4;1
142;22;5;Rio Branco;17539;17493;46;-3;5;-8
142;22;5;Santa Cecília;5761;5729;32;5;5;0
142;22;5;Santana;20733;20685;48;-8;3;-11
143;23;5;Azenha;13804;13804;0;-3;38;-41
143;23;5;Bom Fim;11593;11593;0;17;66;-49
143;23;5;Centro;39154;39154;0;-27;24;-51
143;23;5;Cidade Baixa;15379;15379;0;-4;41;-45
143;23;5;Farroupilha;961;961;0;21;52;-31
143;23;5;Floresta;11596;11596;0;-2;37;-39
143;23;5;Independência;8112;8112;0;9;54;-45
143;23;5;Menino Deus;31650;31650;0;-9;38;-47
143;23;5;Moinhos de Vento;11937;11937;0;-10;30;-40
143;23;5;Praia de Belas;2281;2281;0;19;31;-12
143;23;5;Rio Branco;17531;17531;0;-8;38;-46
143;23;5;Santa Cecília;5768;5768;0;7;39;-32
143;23;5;Santana;20723;20723;0;-10;38;-48
144;0;6;Azenha;13803;13801;2;-1;-3;2
144;0;6;Bom Fim;11593;11589;4;0;-4;4
144;0;6;Centro;39155;39154;1;1;0;1
144;0;6;Cidade Baixa;15379;15377;2;0;-2;2
144;0;6;Farroupilha;962;959;3;1;-2;3
144;0;6;Floresta;11596;11594;2;0;-2;2
144;0;6;Independência;8109;8106;3;-3;-6;3
144;0;6;Menino Deus;31649;31647;2;-1;-3;2
144;0;6;Moinhos de Vento;11939;11937;2;2;0;2
144;0;6;Praia de Belas;2281;2280;1;0;-1;1
144;0;6;Rio Branco;17531;17529;2;0;-2;2
144;0;6;Santa Cecília;5768;5766;2;0;-2;2
144;0;6;Santana;20724;20722;2;1;-1;2
145;1;6;Azenha;13802;13797;5;-1;-4;3
145;1;6;Bom Fim;11593;11585;8;0;-4;4
145;1;6;Centro;39170;39154;16;15;0;15
145;1;6;Cidade Baixa;15378;15374;4;-1;-3;2
145;1;6;Farroupilha;956;953;3;-6;-6;0
145;1;6;Floresta;11594;11590;4;-2;-4;2
145;1;6;Independência;8104;8099;5;-5;-7;2
145;1;6;Menino Deus;31652;31643;9;3;-4;7
145;1;6;Moinhos de Vento;11941;11936;5;2;-1;3
145;1;6;Praia de Belas;2278;2276;2;-3;-4;1
145;1;6;Rio Branco;17533;17527;6;2;-2;4
145;1;6;Santa Cecília;5764;5761;3;-4;-5;1
145;1;6;Santana;20724;20718;6;0;-4;4
146;2;6;Azenha;13801;13796;5;-1;-1;0
146;2;6;Bom Fim;11589;11581;8;-4;-4;0
146;2;6;Centro;39180;39153;27;10;-1;11
146;2;6;Cidade Baixa;15376;15372;4;-2;-2;0
146;2;6;Farroupilha;952;949;3;-4;-4;0
146;2;6;Floresta;11591;11587;4;-3;-3;0
146;2;6;Independência;8104;8098;6;0;-1;1
146;2;6;Menino Deus;31659;31641;18;7;-2;9
146;2;6;Moinhos de Vento;11939;11934;5;-2;-2;0
146;2;6;Praia de Belas;2277;2274;3;-1;-2;1
146;2;6;Rio Branco;17534;17525;9;1;-2;3
146;2;6;Santa Cecília;5762;5758;4;-2;-3;1
146;2;6;Santana;20725;20715;10;1;-3;4
147;3;6;Azenha;13802;13796;6;1;0;1
147;3;6;Bom Fim;11589;11582;7;0;1;-1
147;3;6;Centro;39173;39153;20;-7;0;-7
147;3;6;Cidade Baixa;15378;15373;5;2;1;1
147;3;6;Farroupilha;953;950;3;1;1;0
147;3;6;Floresta;11593;11589;4;2;2;0
147;3;6;Independência;8104;8098;6;0;0;0
147;3;6;Menino Deus;31656;31640;16;-3;-1;-2
147;3;6;Moinhos de Vento;11937;11933;4;-2;-1;-1
147;3;6;Praia de Belas;2278;2274;4;1;0;1
147;3;6;Rio Branco;17536;17525;11;2;0;2
147;3;6;Santa Cecília;5763;5759;4;1;1;0
147;3;6;Santana;20727;20715;12;2;0;2
148;4;6;Azenha;13803;13792;11;1;-4;5
148;4;6;Bom Fim;11590;11574;16;1;-8;9
148;4;6;Centro;39185;39152;33;12;-1;13
148;4;6;Cidade Baixa;15377;15367;10;-1;-6;5
148;4;6;Farroupilha;947;941;6;-6;-9;3
148;4;6;Floresta;11590;11583;7;-3;-6;3
148;4;6;Independência;8098;8086;12;-6;-12;6
148;4;6;Menino Deus;31663;31636;27;7;-4;11
148;4;6;Moinhos de Vento;11941;11932;9;4;-1;5
148;4;6;Praia de Belas;2274;2268;6;-4;-6;2
148;4;6;Rio Branco;17535;17519;16;-1;-6;5
148;4;6;Santa Cecília;5763;5755;8;0;-4;4
148;4;6;Santana;20723;20711;12;-4;-4;0
149;5;6;Azenha;13802;13791;11;-1;-1;0
149;5;6;Bom Fim;11587;11571;16;-3;-3;0
149;5;6;Centro;39185;39151;34;0;-1;1
149;5;6;Cidade Baixa;15377;15365;12;0;-2;2
149;5;6;Farroupilha;946;940;6;-1;-1;0
149;5;6;Floresta;11593;11584;9;3;1;2
149;5;6;Independência;8098;8086;12;0;0;0
149;5;6;Menino Deus;31663;31633;30;0;-3;3
149;5;6;Moinhos de Vento;11940;11931;9;-1;-1;0
149;5;6;Praia de Belas;2276;2269;7;2;1;1
149;5;6;Rio Branco;17532;17514;18;-3;-5;2
149;5;6;Santa Cecília;5764;5755;9;1;0;1
149;5;6;Santana;20726;20710;16;3;-1;4
150;6;6;Azenha;13802;13792;10;0;1;-1
150;6;6;Bom Fim;11589;11575;14;2;4;-2
150;6;6;Centro;39177;39152;25;-8;1;-9
150;6;6;Cidade Baixa;15378;15368;10;1;3;-2
150;6;6;Farroupilha;949;943;6;3;3;0
150;6;6;Floresta;11593;11585;8;0;1;-1
150;6;6;Independência;8101;8090;11;3;4;-1
150;6;6;Menino Deus;31655;31632;23;-8;-1;-7
150;6;6;Moinhos de Vento;11939;11931;8;-1;0;-1
150;6;6;Praia de Belas;2280;2272;8;4;3;1
150;6;6;Rio Branco;17535;17519;16;3;5;-2
150;6;6;Santa Cecília;5765;5757;8;1;2;-1
150;6;6;Santana;20726;20712;14;0;2;-2
151;7;6;Azenha;13803;13788;15;1;-4;5
151;7;6;Bom Fim;11582;11566;16;-7;-9;2
151;7;6;Centro;39196;39150;46;19;-2;21
151;7;6;Cidade Baixa;15379;15362;17;1;-6;7
151;7;6;Farroupilha;942;936;6;-7;-7;0
151;7;6;Floresta;11592;11582;10;-1;-3;2
151;7;6;Independência;8096;8084;12;-5;-6;1
151;7;6;Menino Deus;31660;31629;31;5;-3;8
151;7;6;Moinhos de Vento;11939;11928;11;0;-3;3
151;7;6;Praia de Belas;2276;2268;8;-4;-4;0
151;7;6;Rio Branco;17536;17513;23;1;-6;7
151;7;6;Santa Cecília;5762;5753;9;-3;-4;1
151;7;6;Santana;20726;20706;20;0;-6;6
152;8;6;Azenha;13803;13776;27;0;-12;12
152;8;6;Bom Fim;11578;11549;29;-4;-17;13
152;8;6;Centro;39198;39143;55;2;-7;9
152;8;6;Cidade Baixa;15380;15350;30;1;-12;13
152;8;6;Farroupilha;932;922;10;-10;-14;4
152;8;6;Floresta;11593;11572;21;1;-10;11
152;8;6;Independência;8090;8070;20;-6;-14;8
152;8;6;Menino Deus;31681;31622;59;21;-7;28
152;8;6;Moinhos de Vento;11939;11922;17;0;-6;6
152;8;6;Praia de Belas;2267;2258;9;-9;-10;1
152;8;6;Rio Branco;17533;17501;32;-3;-12;9
152;8;6;Santa Cecília;5754;5740;14;-8;-13;5
152;8;6;Santana;20741;20698;43;15;-8;23
153;9;6;Azenha;13804;13774;30;1;-2;3
153;9;6;Bom Fim;11576;11545;31;-2;-4;2
153;9;6;Centro;39194;39134;60;-4;-9;5
153;9;6;Cidade Baixa;15380;15347;33;0;-3;3
153;9;6;Farroupilha;932;921;11;0;-1;1
153;9;6;Floresta;11588;11566;22;-5;-6;1
153;9;6;Independência;8092;8069;23;2;-1;3
153;9;6;Menino Deus;31688;31622;66;7;0;7
153;9;6;Moinhos de Vento;11944;11917;27;5;-5;10
153;9;6;Praia de Belas;2264;2256;8;-3;-2;-1
153;9;6;Rio Branco;17532;17496;36;-1;-5;4
153;9;6;Santa Cecília;5751;5737;14;-3;-3;0
153;9;6;Santana;20744;20696;48;3;-2;5
154;10;6;Azenha;13799;13770;29;-5;-4;-1
154;10;6;Bom Fim;11570;11541;29;-6;-4;-2
154;10;6;Centro;39216;39132;84;22;-2;24
154;10;6;Cidade Baixa;15379;15341;38;-1;-6;5
154;10;6;Farroupilha;925;913;12;-7;-8;1
154;10;6;Floresta;11592;11563;29;4;-3;7
154;10;6;Independência;8089;8064;25;-3;-5;2
154;10;6;Menino Deus;31696;31620;76;8;-2;10
154;10;6;Moinhos de Vento;11944;11911;33;0;-6;6
154;10;6;Praia de Belas;2259;2251;8;-5;-5;0
154;10;6;Rio Branco;17536;17492;44;4;-4;8
154;10;6;Santa Cecília;5746;5733;13;-5;-4;-1
154;10;6;Santana;20738;20691;47;-6;-5;-1
155;11;6;Azenha;13800;13774;26;1;4;-3
155;11;6;Bom Fim;11572;11544;28;2;3;-1
155;11;6;Centro;39205;39136;69;-11;4;-15
155;11;6;Cidade Baixa;15385;15345;40;6;4;2
155;11;6;Farroupilha;931;918;13;6;5;1
155;11;6;Floresta;11596;11567;29;4;4;0
155;11;6;Independência;8095;8071;24;6;7;-1
155;11;6;Menino Deus;31683;31621;62;-13;1;-14
155;11;6;Moinhos de Vento;11937;11913;24;-7;2;-9
155;11;6;Praia de Belas;2261;2253;8;2;2;0
155;11;6;Rio Branco;17536;17497;39;0;5;-5
155;11;6;Santa Cecília;5747;5735;12;1;2;-1
155;11;6;Santana;20741;20694;47;3;3;0
156;12;6;Azenha;13813;13773;40;13;-1;14
156;12;6;Bom Fim;11580;11539;41;8;-5;13
156;12;6;Centro;39208;39134;74;3;-2;5
156;12;6;Cidade Baixa;15377;15341;36;-8;-4;-4
156;12;6;Farroupilha;930;913;17;-1;-5;4
156;12;6;Floresta;11595;11565;30;-1;-2;1
156;12;6;Independência;8091;8064;27;-4;-7;3
156;12;6;Menino Deus;31674;31618;56;-9;-3;-6
156;12;6;Moinhos de Vento;11943;11912;31;6;-1;7
156;12;6;Praia de Belas;2261;2253;8;0;0;0
156;12;6;Rio Branco;17534;17492;42;-2;-5;3
156;12;6;Santa Cecília;5746;5730;16;-1;-5;4
156;12;6;Santana;20737;20688;49;-4;-6;2
157;13;6;Azenha;13808;13766;42;-5;-7;2
157;13;6;Bom Fim;11573;11533;40;-7;-6;-1
157;13;6;Centro;39204;39128;76;-4;-6;2
157;13;6;Cidade Baixa;15384;15336;48;7;-5;12
157;13;6;Farroupilha;927;909;18;-3;-4;1
157;13;6;Floresta;11591;11559;32;-4;-6;2
157;13;6;Independência;8093;8059;34;2;-5;7
157;13;6;Menino Deus;31699;31617;82;25;-1;26
157;13;6;Moinhos de Vento;11943;11906;37;0;-6;6
157;13;6;Praia de Belas;2255;2246;9;-6;-7;1
157;13;6;Rio Branco;17534;17488;46;0;-4;4
157;13;6;Santa Cecília;5743;5726;17;-3;-4;1
157;13;6;Santana;20735;20684;51;-2;-4;2
158;14;6;Azenha;13813;13763;50;5;-3;8
158;14;6;Bom Fim;11569;11526;43;-4;-7;3
158;14;6;Centro;39201;39125;76;-3;-3;0
158;14;6;Cidade Baixa;15387;15334;53;3;-2;5
158;14;6;Farroupilha;923;904;19;-4;-5;1
158;14;6;Floresta;11597;11557;40;6;-2;8
158;14;6;Independência;8090;8054;36;-3;-5;2
158;14;6;Menino Deus;31691;31615;76;-8;-2;-6
158;14;6;Moinhos de Vento;11940;11902;38;-3;-4;1
158;14;6;Praia de Belas;2254;2245;9;-1;-1;0
158;14;6;Rio Branco;17547;17486;61;13;-2;15
158;14;6;Santa Cecília;5740;5720;20;-3;-6;3
158;14;6;Santana;20737;20680;57;2;-4;6
159;15;6;Azenha;13795;13748;47;-18;-15;-3
159;15;6;Bom Fim;11575;11517;58;6;-9;15
159;15;6;Centro;39231;39120;111;30;-5;35
159;15;6;Cidade Baixa;15379;15322;57;-8;-12;4
159;15;6;Farroupilha;910;890;20;-13;-14;1
159;15;6;Floresta;11596;11549;47;-1;-8;7
159;15;6;Independência;8088;8043;45;-2;-11;9
159;15;6;Menino Deus;31705;31607;98;14;-8;22
159;15;6;Moinhos de Vento;11939;11895;44;-1;-7;6
159;15;6;Praia de Belas;2243;2234;9;-11;-11;0
159;15;6;Rio Branco;17545;17477;68;-2;-9;7
159;15;6;Santa Cecília;5733;5710;23;-7;-10;3
159;15;6;Santana;20750;20675;75;13;-5;18
160;16;6;Azenha;13809;13739;70;14;-9;23
160;16;6;Bom Fim;11565;11502;63;-10;-15;5
160;16;6;Centro;39238;39114;124;7;-6;13
160;16;6;Cidade Baixa;15379;15313;66;0;-9;9
160;16;6;Farroupilha;902;877;25;-8;-13;5
160;16;6;Floresta;11597;11537;60;1;-12;13
160;16;6;Independência;8082;8027;55;-6;-16;10
160;16;6;Menino Deus;31698;31595;103;-7;-12;5
160;16;6;Moinhos de Vento;11948;11887;61;9;-8;17
160;16;6;Praia de Belas;2235;2225;10;-8;-9;1
160;16;6;Rio Branco;17541;17468;73;-4;-9;5
160;16;6;Santa Cecília;5732;5702;30;-1;-8;7
160;16;6;Santana;20763;20667;96;13;-8;21
161;17;6;Azenha;13804;13742;62;-5;3;-8
161;17;6;Bom Fim;11576;11507;69;11;5;6
161;17;6;Centro;39231;39114;117;-7;0;-7
161;17;6;Cidade Baixa;15386;15314;72;7;1;6
161;17;6;Farroupilha;904;879;25;2;2;0
161;17;6;Floresta;11603;11542;61;6;5;1
161;17;6;Independência;8078;8031;47;-4;4;-8
161;17;6;Menino Deus;31691;31596;95;-7;1;-8
161;17;6;Moinhos de Vento;11938;11886;52;-10;-1;-9
161;17;6;Praia de Belas;2237;2227;10;2;2;0
161;17;6;Rio Branco;17544;17471;73;3;3;0
161;17;6;Santa Cecília;5736;5703;33;4;1;3
161;17;6;Santana;20761;20669;92;-2;2;-4
162;18;6;Azenha;13804;13749;55;0;7;-7
162;18;6;Bom Fim;11563;11511;52;-13;4;-17
162;18;6;Centro;39231;39121;110;0;7;-7
162;18;6;Cidade Baixa;15373;15320;53;-13;6;-19
162;18;6;Farroupilha;916;890;26;12;11;1
162;18;6;Floresta;11591;11546;45;-12;4;-16
162;18;6;Independência;8093;8043;50;15;12;3
162;18;6;Menino Deus;31687;31604;83;-4;8;-12
162;18;6;Moinhos de Vento;11948;11890;58;10;4;6
162;18;6;Praia de Belas;2244;2234;10;7;7;0
162;18;6;Rio Branco;17542;17478;64;-2;7;-9
162;18;6;Santa Cecília;5741;5709;32;5;6;-1
162;18;6;Santana;20756;20676;80;-5;7;-12
163;19;6;Azenha;13810;13755;55;6;6;0
163;19;6;Bom Fim;11568;11516;52;5;5;0
163;19;6;Centro;39221;39123;98;-10;2;-12
163;19;6;Cidade Baixa;15378;15324;54;5;4;1
163;19;6;Farroupilha;921;894;27;5;4;1
163;19;6;Floresta;11596;11551;45;5;5;0
163;19;6;Independência;8091;8046;45;-2;3;-5
163;19;6;Menino Deus;31676;31606;70;-11;2;-13
163;19;6;Moinhos de Vento;11945;11894;51;-3;4;-7
163;19;6;Praia de Belas;2248;2238;10;4;4;0
163;19;6;Rio Branco;17541;17482;59;-1;4;-5
163;19;6;Santa Cecília;5744;5715;29;3;6;-3
163;19;6;Santana;20750;20679;71;-6;3;-9
164;20;6;Azenha;13802;13757;45;-8;2;-10
164;20;6;Bom Fim;11567;11516;51;-1;0;-1
164;20;6;Centro;39208;39125;83;-13;2;-15
164;20;6;Cidade Baixa;15382;15328;54;4;4;0
164;20;6;Farroupilha;930;899;31;9;5;4
164;20;6;Floresta;11599;11551;48;3;0;3
164;20;6;Independência;8091;8046;45;0;0;0
164;20;6;Menino Deus;31675;31608;67;-1;2;-3
164;20;6;Moinhos de Vento;11949;11897;52;4;3;1
164;20;6;Praia de Belas;2250;2240;10;2;2;0
164;20;6;Rio Branco;17549;17486;63;8;4;4
164;20;6;Santa Cecília;5749;5718;31;5;3;2
164;20;6;Santana;20738;20679;59;-12;0;-12
165;21;6;Azenha;13803;13760;43;1;3;-2
165;21;6;Bom Fim;11570;11521;49;3;5;-2
165;21;6;Centro;39195;39129;66;-13;4;-17
165;21;6;Cidade Baixa;15383;15334;49;1;6;-5
165;21;6;Farroupilha;936;905;31;6;6;0
165;21;6;Floresta;11596;11555;41;-3;4;-7
165;21;6;Independência;8096;8050;46;5;4;1
165;21;6;Menino Deus;31667;31610;57;-8;2;-10
165;21;6;Moinhos de Vento;11947;11902;45;-2;5;-7
165;21;6;Praia de Belas;2257;2246;11;7;6;1
165;21;6;Rio Branco;17542;17488;54;-7;2;-9
165;21;6;Santa Cecília;5756;5724;32;7;6;1
165;21;6;Santana;20741;20682;59;3;3;0
166;22;6;Azenha;13807;13766;41;4;6;-2
166;22;6;Bom Fim;11576;11527;49;6;6;0
166;22;6;Centro;39181;39130;51;-14;1;-15
166;22;6;Cidade Baixa;15383;15338;45;0;4;-4
166;22;6;Farroupilha;940;909;31;4;4;0
166;22;6;Floresta;11598;11559;39;2;4;-2
166;22;6;Independência;8103;8058;45;7;8;-1
166;22;6;Menino Deus;31659;31612;47;-8;2;-10
166;22;6;Moinhos de Vento;11947;11907;40;0;5;-5
166;22;6;Praia de Belas;2262;2250;12;5;4;1
166;22;6;Rio Branco;17539;17493;46;-3;5;-8
166;22;6;Santa Cecília;5761;5729;32;5;5;0
166;22;6;Santana;20733;20685;48;-8;3;-11
167;23;6;Azenha;13804;13804;0;-3;38;-41
167;23;6;Bom Fim;11593;11593;0;17;66;-49
167;23;6;Centro;39154;39154;0;-27;24;-51
167;23;6;Cidade Baixa;15379;15379;0;-4;41;-45
167;23;6;Farroupilha;961;961;0;21;52;-31
167;23;6;Floresta;11596;11596;0;-2;37;-39
167;23;6;Independência;8112;8112;0;9;54;-45
167;23;6;Menino Deus;31650;31650;0;-9;38;-47
167;23;6;Moinhos de Vento;11937;11937;0;-10;30;-40
167;23;6;Praia de Belas;2281;2281;0;19;31;-12
167;23;6;Rio Branco;17531;17531;0;-8;38;-46
167;23;6;Santa Cecília;5768;5768;0;7;39;-32
167;23;6;Santana;20723;20723;0;-10;38;-48
168;0;7;Azenha;13803;13801;2;-1;-3;2
168;0;7;Bom Fim;11593;11589;4;0;-4;4
168;0;7;Centro;39155;39154;1;1;0;1
168;0;7;Cidade Baixa;15379;15377;2;0;-2;2
168;0;7;Farroupilha;962;959;3;1;-2;3
168;0;7;Floresta;11596;11594;2;0;-2;2
168;0;7;Independência;8109;8106;3;-3;-6;3
168;0;7;Menino Deus;31649;31647;2;-1;-3;2
168;0;7;Moinhos de Vento;11939;11937;2;2;0;2
168;0;7;Praia de Belas;2281;2280;1;0;-1;1
168;0;7;Rio Branco;17531;17529;2;0;-2;2
168;0;7;Santa Cecília;5768;5766;2;0;-2;2
168;0;7;Santana;20724;20722;2;1;-1;2
169;1;7;Azenha;13802;13797;5;-1;-4;3
169;1;7;Bom Fim;11593;11585;8;0;-4;4
169;1;7;Centro;39170;39154;16;15;0;15
169;1;7;Cidade Baixa;15378;15374;4;-1;-3;2
169;1;7;Farroupilha;956;953;3;-6;-6;0
169;1;7;Floresta;11594;11590;4;-2;-4;2
169;1;7;Independência;8104;8099;5;-5;-7;2
169;1;7;Menino Deus;31652;31643;9;3;-4;7
169;1;7;Moinhos de Vento;11941;11936;5;2;-1;3
169;1;7;Praia de Belas;2278;2276;2;-3;-4;1
169;1;7;Rio Branco;17533;17527;6;2;-2;4
169;1;7;Santa Cecília;5764;5761;3;-4;-5;1
169;1;7;Santana;20724;20718;6;0;-4;4
170;2;7;Azenha;13801;13796;5;-1;-1;0
170;2;7;Bom Fim;11589;11581;8;-4;-4;0
170;2;7;Centro;39180;39153;27;10;-1;11
170;2;7;Cidade Baixa;15376;15372;4;-2;-2;0
170;2;7;Farroupilha;952;949;3;-4;-4;0
170;2;7;Floresta;11591;11587;4;-3;-3;0
170;2;7;Independência;8104;8098;6;0;-1;1
170;2;7;Menino Deus;31659;31641;18;7;-2;9
170;2;7;Moinhos de Vento;11939;11934;5;-2;-2;0
170;2;7;Praia de Belas;2277;2274;3;-1;-2;1
170;2;7;Rio Branco;17534;17525;9;1;-2;3
170;2;7;Santa Cecília;5762;5758;4;-2;-3;1
170;2;7;Santana;20725;20715;10;1;-3;4
171;3;7;Azenha;13802;13796;6;1;0;1
171;3;7;Bom Fim;11589;11582;7;0;1;-1
171;3;7;Centro;39173;39153;20;-7;0;-7
171;3;7;Cidade Baixa;15378;15373;5;2;1;1
171;3;7;Farroupilha;953;950;3;1;1;0
171;3;7;Floresta;11593;11589;4;2;2;0
171;3;7;Independência;8104;8098;6;0;0;0
171;3;7;Menino Deus;31656;31640;16;-3;-1;-2
171;3;7;Moinhos de Vento;11937;11933;4;-2;-1;-1
171;3;7;Praia de Belas;2278;2274;4;1;0;1
171;3;7;Rio Branco;17536;17525;11;2;0;2
171;3;7;Santa Cecília;5763;5759;4;1;1;0
171;3;7;Santana;20727;20715;12;2;0;2
172;4;7;Azenha;13803;13792;11;1;-4;5
172;4;7;Bom Fim;11590;11574;16;1;-8;9
172;4;7;Centro;39185;39152;33;12;-1;13
172;4;7;Cidade Baixa;15377;15367;10;-1;-6;5
172;4;7;Farroupilha;947;941;6;-6;-9;3
172;4;7;Floresta;11590;11583;7;-3;-6;3
172;4;7;Independência;8098;8086;12;-6;-12;6
172;4;7;Menino Deus;31663;31636;27;7;-4;11
172;4;7;Moinhos de Vento;11941;11932;9;4;-1;5
172;4;7;Praia de Belas;2274;2268;6;-4;-6;2
172;4;7;Rio Branco;17535;17519;16;-1;-6;5
172;4;7;Santa Cecília;5763;5755;8;0;-4;4
172;4;7;Santana;20723;20711;12;-4;-4;0
173;5;7;Azenha;13802;13791;11;-1;-1;0
173;5;7;Bom Fim;11587;11571;16;-3;-3;0
173;5;7;Centro;39185;39151;34;0;-1;1
173;5;7;Cidade Baixa;15377;15365;12;0;-2;2
173;5;7;Farroupilha;946;940;6;-1;-1;0
173;5;7;Floresta;11593;11584;9;3;1;2
173;5;7;Independência;8098;8086;12;0;0;0
173;5;7;Menino Deus;31663;31633;30;0;-3;3
173;5;7;Moinhos de Vento;11940;11931;9;-1;-1;0
173;5;7;Praia de Belas;2276;2269;7;2;1;1
173;5;7;Rio Branco;17532;17514;18;-3;-5;2
173;5;7;Santa Cecília;5764;5755;9;1;0;1
173;5;7;Santana;20726;20710;16;3;-1;4
174;6;7;Azenha;13802;13792;10;0;1;-1
174;6;7;Bom Fim;11589;11575;14;2;4;-2
174;6;7;Centro;39177;39152;25;-8;1;-9
174;6;7;Cidade Baixa;15378;15368;10;1;3;-2
174;6;7;Farroupilha;949;943;6;3;3;0
174;6;7;Floresta;11593;11585;8;0;1;-1
174;6;7;Independência;8101;8090;11;3;4;-1
174;6;7;Menino Deus;31655;31632;23;-8;-1;-7
174;6;7;Moinhos de Vento;11939;11931;8;-1;0;-1
174;6;7;Praia de Belas;2280;2272;8;4;3;1
174;6;7;Rio Branco;17535;17519;16;3;5;-2
174;6;7;Santa Cecília;5765;5757;8;1;2;-1
174;6;7;Santana;20726;20712;14;0;2;-2
175;7;7;Azenha;13803;13788;15;1;-4;5
175;7;7;Bom Fim;11582;11566;16;-7;-9;2
175;7;7;Centro;39196;39150;46;19;-2;21
175;7;7;Cidade Baixa;15379;15362;17;1;-6;7
175;7;7;Farroupilha;942;936;6;-7;-7;0
175;7;7;Floresta;11592;11582;10;-1;-3;2
175;7;7;Independência;8096;8084;12;-5;-6;1
175;7;7;Menino Deus;31660;31629;31;5;-3;8
175;7;7;Moinhos de Vento;11939;11928;11;0;-3;3
175;7;7;Praia de Belas;2276;2268;8;-4;-4;0
175;7;7;Rio Branco;17536;17513;23;1;-6;7
175;7;7;Santa Cecília;5762;5753;9;-3;-4;1
175;7;7;Santana;20726;20706;20;0;-6;6
176;8;7;Azenha;13803;13776;27;0;-12;12
176;8;7;Bom Fim;11578;11549;29;-4;-17;13
176;8;7;Centro;39198;39143;55;2;-7;9
176;8;7;Cidade Baixa;15380;15350;30;1;-12;13
176;8;7;Farroupilha;932;922;10;-10;-14;4
176;8;7;Floresta;11593;11572;21;1;-10;11
176;8;7;Independência;8090;8070;20;-6;-14;8
176;8;7;Menino Deus;31681;31622;59;21;-7;28
176;8;7;Moinhos de Vento;11939;11922;17;0;-6;6
176;8;7;Praia de Belas;2267;2258;9;-9;-10;1
176;8;7;Rio Branco;17533;17501;32;-3;-12;9
176;8;7;Santa Cecília;5754;5740;14;-8;-13;5
176;8;7;Santana;20741;20698;43;15;-8;23
177;9;7;Azenha;13804;13774;30;1;-2;3
177;9;7;Bom Fim;11576;11545;31;-2;-4;2
177;9;7;Centro;39194;39134;60;-4;-9;5
177;9;7;Cidade Baixa;15380;15347;33;0;-3;3
177;9;7;Farroupilha;932;921;11;0;-1;1
177;9;7;Floresta;11588;11566;22;-5;-6;1
177;9;7;Independência;8092;8069;23;2;-1;3
177;9;7;Menino Deus;31688;31622;66;7;0;7
177;9;7;Moinhos de Vento;11944;11917;27;5;-5;10
177;9;7;Praia de Belas;2264;2256;8;-3;-2;-1
177;9;7;Rio Branco;17532;17496;36;-1;-5;4
177;9;7;Santa Cecília;5751;5737;14;-3;-3;0
177;9;7;Santana;20744;20696;48;3;-2;5
178;10;7;Azenha;13799;13770;29;-5;-4;-1
178;10;7;Bom Fim;11570;11541;29;-6;-4;-2
178;10;7;Centro;39216;39132;84;22;-2;24
178;10;7;Cidade Baixa;15379;15341;38;-1;-6;5
178;10;7;Farroupilha;925;913;12;-7;-8;1
178;10;7;Floresta;11592;11563;29;4;-3;7
178;10;7;Independência;8089;8064;25;-3;-5;2
178;10;7;Menino Deus;31696;31620;76;8;-2;10
178;10;7;Moinhos de Vento;11944;11911;33;0;-6;6
178;10;7;Praia de Belas;2259;2251;8;-5;-5;0
178;10;7;Rio Branco;17536;17492;44;4;-4;8
178;10;7;Santa Cecília;5746;5733;13;-5;-4;-1
178;10;7;Santana;20738;20691;47;-6;-5;-1
179;11;7;Azenha;13800;13774;26;1;4;-3
179;11;7;Bom Fim;11572;11544;28;2;3;-1
179;11;7;Centro;39205;39136;69;-11;4;-15
179;11;7;Cidade Baixa;15385;15345;40;6;4;2
179;11;7;Farroupilha;931;918;13;6;5;1
179;11;7;Floresta;11596;11567;29;4;4;0
179;11;7;Independência;8095;8071;24;6;7;-1
179;11;7;Menino Deus;31683;31621;62;-13;1;-14
179;11;7;Moinhos de Vento;11937;11913;24;-7;2;-9
179;11;7;Praia de Belas;2261;2253;8;2;2;0
179;11;7;Rio Branco;17536;17497;39;0;5;-5
179;11;7;Santa Cecília;5747;5735;12;1;2;-1
179;11;7;Santana;20741;20694;47;3;3;0
180;12;7;Azenha;13813;13773;40;13;-1;14
180;12;7;Bom Fim;11580;11539;41;8;-5;13
180;12;7;Centro;39208;39134;74;3;-2;5
180;12;7;Cidade Baixa;15377;15341;36;-8;-4;-4
180;12;7;Farroupilha;930;913;17;-1;-5;4
180;12;7;Floresta;11595;11565;30;-1;-2;1
180;12;7;Independência;8091;8064;27;-4;-7;3
180;12;7;Menino Deus;31674;31618;56;-9;-3;-6
180;12;7;Moinhos de Vento;11943;11912;31;6;-1;7
180;12;7;Praia de Belas;2261;2253;8;0;0;0
180;12;7;Rio Branco;17534;17492;42;-2;-5;3
180;12;7;Santa Cecília;5746;5730;16;-1;-5;4
180;12;7;Santana;20737;20688;49;-4;-6;2
181;13;7;Azenha;13808;13766;42;-5;-7;2
181;13;7;Bom Fim;11573;11533;40;-7;-6;-1
181;13;7;Centro;39204;39128;76;-4;-6;2
181;13;7;Cidade Baixa;15384;15336;48;7;-5;12
181;13;7;Farroupilha;927;909;18;-3;-4;1
181;13;7;Floresta;11591;11559;32;-4;-6;2
181;13;7;Independência;8093;8059;34;2;-5;7
181;13;7;Menino Deus;31699;31617;82;25;-1;26
181;13;7;Moinhos de Vento;11943;11906;37;0;-6;6
181;13;7;Praia de Belas;2255;2246;9;-6;-7;1
181;13;7;Rio Branco;17534;17488;46;0;-4;4
181;13;7;Santa Cecília;5743;5726;17;-3;-4;1
181;13;7;Santana;20735;20684;51;-2;-4;2
182;14;7;Azenha;13813;13763;50;5;-3;8
182;14;7;Bom Fim;11569;11526;43;-4;-7;3
182;14;7;Centro;39201;39125;76;-3;-3;0
182;14;7;Cidade Baixa;15387;15334;53;3;-2;5
182;14;7;Farroupilha;923;904;19;-4;-5;1
182;14;7;Floresta;11597;11557;40;6;-2;8
182;14;7;Independência;8090;8054;36;-3;-5;2
182;14;7;Menino Deus;31691;31615;76;-8;-2;-6
182;14;7;Moinhos de Vento;11940;11902;38;-3;-4;1
182;14;7;Praia de Belas;2254;2245;9;-1;-1;0
182;14;7;Rio Branco;17547;17486;61;13;-2;15
182;14;7;Santa Cecília;5740;5720;20;-3;-6;3
182;14;7;Santana;20737;20680;57;2;-4;6
183;15;7;Azenha;13795;13748;47;-18;-15;-3
183;15;7;Bom Fim;11575;11517;58;6;-9;15
183;15;7;Centro;39231;39120;111;30;-5;35
183;15;7;Cidade Baixa;15379;15322;57;-8;-12;4
183;15;7;Farroupilha;910;890;20;-13;-14;1
183;15;7;Floresta;11596;11549;47;-1;-8;7
183;15;7;Independência;8088;8043;45;-2;-11;9
183;15;7;Menino Deus;31705;31607;98;14;-8;22
183;15;7;Moinhos de Vento;11939;11895;44;-1;-7;6
183;15;7;Praia de Belas;2243;2234;9;-11;-11;0
183;15;7;Rio Branco;17545;17477;68;-2;-9;7
183;15;7;Santa Cecília;5733;5710;23;-7;-10;3
183;15;7;Santana;20750;20675;75;13;-5;18
184;16;7;Azenha;13809;13739;70;14;-9;23
184;16;7;Bom Fim;11565;11502;63;-10;-15;5
184;16;7;Centro;39238;39114;124;7;-6;13
184;16;7;Cidade Baixa;15379;15313;66;0;-9;9
184;16;7;Farroupilha;902;877;25;-8;-13;5
184;16;7;Floresta;11597;11537;60;1;-12;13
184;16;7;Independência;8082;8027;55;-6;-16;10
184;16;7;Menino Deus;31698;31595;103;-7;-12;5
184;16;7;Moinhos de Vento;11948;11887;61;9;-8;17
184;16;7;Praia de Belas;2235;2225;10;-8;-9;1
184;16;7;Rio Branco;17541;17468;73;-4;-9;5
184;16;7;Santa Cecília;5732;5702;30;-1;-8;7
184;16;7;Santana;20763;20667;96;13;-8;21
185;17;7;Azenha;13804;13742;62;-5;3;-8
185;17;7;Bom Fim;11576;11507;69;11;5;6
185;17;7;Centro;39231;39114;117;-7;0;-7
185;17;7;Cidade Baixa;15386;15314;72;7;1;6
185;17;7;Farroupilha;904;879;25;2;2;0
185;17;7;Floresta;11603;11542;61;6;5;1
185;17;7;Independência;8078;8031;47;-4;4;-8
185;17;7;Menino Deus;31691;31596;95;-7;1;-8
185;17;7;Moinhos de Vento;11938;11886;52;-10;-1;-9
185;17;7;Praia de Belas;2237;2227;10;2;2;0
185;17;7;Rio Branco;17544;17471;73;3;3;0
185;17;7;Santa Cecília;5736;5703;33;4;1;3
185;17;7;Santana;20761;20669;92;-2;2;-4
186;18;7;Azenha;13804;13749;55;0;7;-7
186;18;7;Bom Fim;11563;11511;52;-13;4;-17
186;18;7;Centro;39231;39121;110;0;7;-7
186;18;7;Cidade Baixa;15373;15320;53;-13;6;-19
186;18;7;Farroupilha;916;890;26;12;11;1
186;18;7;Floresta;11591;11546;45;-12;4;-16
186;18;7;Independência;8093;8043;50;15;12;3
186;18;7;Menino Deus;31687;31604;83;-4;8;-12
186;18;7;Moinhos de Vento;11948;11890;58;10;4;6
186;18;7;Praia de Belas;2244;2234;10;7;7;0
186;18;7;Rio Branco;17542;17478;64;-2;7;-9
186;18;7;Santa Cecília;5741;5709;32;5;6;-1
186;18;7;Santana;20756;20676;80;-5;7;-12
187;19;7;Azenha;13810;13755;55;6;6;0
187;19;7;Bom Fim;11568;11516;52;5;5;0
187;19;7;Centro;39221;39123;98;-10;2;-12
187;19;7;Cidade Baixa;15378;15324;54;5;4;1
187;19;7;Farroupilha;921;894;27;5;4;1
187;19;7;Floresta;11596;11551;45;5;5;0
187;19;7;Independência;8091;8046;45;-2;3;-5
187;19;7;Menino Deus;31676;31606;70;-11;2;-13
187;19;7;Moinhos de Vento;11945;11894;51;-3;4;-7
187;19;7;Praia de Belas;2248;2238;10;4;4;0
187;19;7;Rio Branco;17541;17482;59;-1;4;-5
187;19;7;Santa Cecília;5744;5715;29;3;6;-3
187;19;7;Santana;20750;20679;71;-6;3;-9
188;20;7;Azenha;13802;13757;45;-8;2;-10
188;20;7;Bom Fim;11567;11516;51;-1;0;-1
188;20;7;Centro;39208;39125;83;-13;2;-15
188;20;7;Cidade Baixa;15382;15328;54;4;4;0
188;20;7;Farroupilha;930;899;31;9;5;4
188;20;7;Floresta;11599;11551;48;3;0;3
188;20;7;Independência;8091;8046;45;0;0;0
188;20;7;Menino Deus;31675;31608;67;-1;2;-3
188;20;7;Moinhos de Vento;11949;11897;52;4;3;1
188;20;7;Praia de Belas;2250;2240;10;2;2;0
188;20;7;Rio Branco;17549;17486;63;8;4;4
188;20;7;Santa Cecília;5749;5718;31;5;3;2
188;20;7;Santana;20738;20679;59;-12;0;-12
189;21;7;Azenha;13803;13760;43;1;3;-2
189;21;7;Bom Fim;11570;11521;49;3;5;-2
189;21;7;Centro;39195;39129;66;-13;4;-17
189;21;7;Cidade Baixa;15383;15334;49;1;6;-5
189;21;7;Farroupilha;936;905;31;6;6;0
189;21;7;Floresta;11596;11555;41;-3;4;-7
189;21;7;Independência;8096;8050;46;5;4;1
189;21;7;Menino Deus;31667;31610;57;-8;2;-10
189;21;7;Moinhos de Vento;11947;11902;45;-2;5;-7
189;21;7;Praia de Belas;2257;2246;11;7;6;1
189;21;7;Rio Branco;17542;17488;54;-7;2;-9
189;21;7;Santa Cecília;5756;5724;32;7;6;1
189;21;7;Santana;20741;20682;59;3;3;0
190;22;7;Azenha;13807;13766;41;4;6;-2
190;22;7;Bom Fim;11576;11527;49;6;6;0
190;22;7;Centro;39181;39130;51;-14;1;-15
190;22;7;Cidade Baixa;15383;15338;45;0;4;-4
190;22;7;Farroupilha;940;909;31;4;4;0
190;22;7;Floresta;11598;11559;39;2;4;-2
190;22;7;Independência;8103;8058;45;7;8;-1
190;22;7;Menino Deus;31659;31612;47;-8;2;-10
190;22;7;Moinhos de Vento;11947;11907;40;0;5;-5
190;22;7;Praia de Belas;2262;2250;12;5;4;1
190;22;7;Rio Branco;17539;17493;46;-3;5;-8
190;22;7;Santa Cecília;5761;5729;32;5;5;0
190;22;7;Santana;20733;20685;48;-8;3;-11
191;23;7;Azenha;13804;13804;0;-3;38;-41
191;23;7;Bom Fim;11593;11593;0;17;66;-49
191;23;7;Centro;39154;39154;0;-27;24;-51
191;23;7;Cidade Baixa;15379;15379;0;-4;41;-45
191;23;7;Farroupilha;961;961;0;21;52;-31
191;23;7;Floresta;11596;11596;0;-2;37;-39
191;23;7;Independência;8112;8112;0;9;54;-45
191;23;7;Menino Deus;31650;31650;0;-9;38;-47
191;23;7;Moinhos de Vento;11937;11937;0;-10;30;-40
191;23;7;Praia de Belas;2281;2281;0;19;31;-12
191;23;7;Rio Branco;17531;17531;0;-8;38;-46
191;23;7;Santa Cecília;5768;5768;0;7;39;-32
191;23;7;Santana;20723;20723;0;-10;38;-48
192;0;8;Azenha;13803;13801;2;-1;-3;2
192;0;8;Bom Fim;11593;11589;4;0;-4;4
192;0;8;Centro;39155;39154;1;1;0;1
192;0;8;Cidade Baixa;15379;15377;2;0;-2;2
192;0;8;Farroupilha;962;959;3;1;-2;3
192;0;8;Floresta;11596;11594;2;0;-2;2
192;0;8;Independência;8109;8106;3;-3;-6;3
192;0;8;Menino Deus;31649;31647;2;-1;-3;2
192;0;8;Moinhos de Vento;11939;11937;2;2;0;2
192;0;8;Praia de Belas;2281;2280;1;0;-1;1
192;0;8;Rio Branco;17531;17529;2;0;-2;2
192;0;8;Santa Cecília;5768;5766;2;0;-2;2
192;0;8;Santana;20724;20722;2;1;-1;2
193;1;8;Azenha;13802;13797;5;-1;-4;3
193;1;8;Bom Fim;11593;11585;8;0;-4;4
193;1;8;Centro;39170;39154;16;15;0;15
193;1;8;Cidade Baixa;15378;15374;4;-1;-3;2
193;1;8;Farroupilha;956;953;3;-6;-6;0
193;1;8;Floresta;11594;11590;4;-2;-4;2
193;1;8;Independência;8104;8099;5;-5;-7;2
193;1;8;Menino Deus;31652;31643;9;3;-4;7
193;1;8;Moinhos de Vento;11941;11936;5;2;-1;3
193;1;8;Praia de Belas;2278;2276;2;-3;-4;1
193;1;8;Rio Branco;17533;17527;6;2;-2;4
193;1;8;Santa Cecília;5764;5761;3;-4;-5;1
193;1;8;Santana;20724;20718;6;0;-4;4
194;2;8;Azenha;13801;13796;5;-1;-1;0
194;2;8;Bom Fim;11589;11581;8;-4;-4;0
194;2;8;Centro;39180;39153;27;10;-1;11
194;2;8;Cidade Baixa;15376;15372;4;-2;-2;0
194;2;8;Farroupilha;952;949;3;-4;-4;0
194;2;8;Floresta;11591;11587;4;-3;-3;0
194;2;8;Independência;8104;8098;6;0;-1;1
194;2;8;Menino Deus;31659;31641;18;7;-2;9
194;2;8;Moinhos de Vento;11939;11934;5;-2;-2;0
194;2;8;Praia de Belas;2277;2274;3;-1;-2;1
194;2;8;Rio Branco;17534;17525;9;1;-2;3
194;2;8;Santa Cecília;5762;5758;4;-2;-3;1
194;2;8;Santana;20725;20715;10;1;-3;4
195;3;8;Azenha;13802;13796;6;1;0;1
195;3;8;Bom Fim;11589;11582;7;0;1;-1
195;3;8;Centro;39173;39153;20;-7;0;-7
195;3;8;Cidade Baixa;15378;15373;5;2;1;1
195;3;8;Farroupilha;953;950;3;1;1;0
195;3;8;Floresta;11593;11589;4;2;2;0
195;3;8;Independência;8104;8098;6;0;0;0
195;3;8;Menino Deus;31656;31640;16;-3;-1;-2
195;3;8;Moinhos de Vento;11937;11933;4;-2;-1;-1
195;3;8;Praia de Belas;2278;2274;4;1;0;1
195;3;8;Rio Branco;17536;17525;11;2;0;2
195;3;8;Santa Cecília;5763;5759;4;1;1;0
195;3;8;Santana;20727;20715;12;2;0;2
196;4;8;Azenha;13803;13792;11;1;-4;5
196;4;8;Bom Fim;11590;11574;16;1;-8;9
196;4;8;Centro;39185;39152;33;12;-1;13
196;4;8;Cidade Baixa;15377;15367;10;-1;-6;5
196;4;8;Farroupilha;947;941;6;-6;-9;3
196;4;8;Floresta;11590;11583;7;-3;-6;3
196;4;8;Independência;8098;8086;12;-6;-12;6
196;4;8;Menino Deus;31663;31636;27;7;-4;11
196;4;8;Moinhos de Vento;11941;11932;9;4;-1;5
196;4;8;Praia de Belas;2274;2268;6;-4;-6;2
196;4;8;Rio Branco;17535;17519;16;-1;-6;5
196;4;8;Santa Cecília;5763;5755;8;0;-4;4
196;4;8;Santana;20723;20711;12;-4;-4;0
197;5;8;Azenha;13802;13791;11;-1;-1;0
197;5;8;Bom Fim;11587;11571;16;-3;-3;0
197;5;8;Centro;39185;39151;34;0;-1;1
197;5;8;Cidade Baixa;15377;15365;12;0;-2;2
197;5;8;Farroupilha;946;940;6;-1;-1;0
197;5;8;Floresta;11593;11584;9;3;1;2
197;5;8;Independência;8098;8086;12;0;0;0
197;5;8;Menino Deus;31663;31633;30;0;-3;3
197;5;8;Moinhos de Vento;11940;11931;9;-1;-1;0
197;5;8;Praia de Belas;2276;2269;7;2;1;1
197;5;8;Rio Branco;17532;17514;18;-3;-5;2
197;5;8;Santa Cecília;5764;5755;9;1;0;1
197;5;8;Santana;20726;20710;16;3;-1;4
198;6;8;Azenha;13802;13792;10;0;1;-1
198;6;8;Bom Fim;11589;11575;14;2;4;-2
198;6;8;Centro;39177;39152;25;-8;1;-9
198;6;8;Cidade Baixa;15378;15368;10;1;3;-2
198;6;8;Farroupilha;949;943;6;3;3;0
198;6;8;Floresta;11593;11585;8;0;1;-1
198;6;8;Independência;8101;8090;11;3;4;-1
198;6;8;Menino Deus;31655;31632;23;-8;-1;-7
198;6;8;Moinhos de Vento;11939;11931;8;-1;0;-1
198;6;8;Praia de Belas;2280;2272;8;4;3;1
198;6;8;Rio Branco;17535;17519;16;3;5;-2
198;6;8;Santa Cecília;5765;5757;8;1;2;-1
198;6;8;Santana;20726;20712;14;0;2;-2
199;7;8;Azenha;13803;13788;15;1;-4;5
199;7;8;Bom Fim;11582;11566;16;-7;-9;2
199;7;8;Centro;39196;39150;46;19;-2;21
199;7;8;Cidade Baixa;15379;15362;17;1;-6;7
199;7;8;Farroupilha;942;936;6;-7;-7;0
199;7;8;Floresta;11592;11582;10;-1;-3;2
199;7;8;Independência;8096;8084;12;-5;-6;1
199;7;8;Menino Deus;31660;31629;31;5;-3;8
199;7;8;Moinhos de Vento;11939;11928;11;0;-3;3
199;7;8;Praia de Belas;2276;2268;8;-4;-4;0
199;7;8;Rio Branco;17536;17513;23;1;-6;7
199;7;8;Santa Cecília;5762;5753;9;-3;-4;1
199;7;8;Santana;20726;20706;20;0;-6;6
200;8;8;Azenha;13803;13776;27;0;-12;12
200;8;8;Bom Fim;11578;11549;29;-4;-17;13
200;8;8;Centro;39198;39143;55;2;-7;9
200;8;8;Cidade Baixa;15380;15350;30;1;-12;13
200;8;8;Farroupilha;932;922;10;-10;-14;4
200;8;8;Floresta;11593;11572;21;1;-10;11
200;8;8;Independência;8090;8070;20;-6;-14;8
200;8;8;Menino Deus;31681;31622;59;21;-7;28
200;8;8;Moinhos de Vento;11939;11922;17;0;-6;6
200;8;8;Praia de Belas;2267;2258;9;-9;-10;1
200;8;8;Rio Branco;17533;17501;32;-3;-12;9
200;8;8;Santa Cecília;5754;5740;14;-8;-13;5
200;8;8;Santana;20741;20698;43;15;-8;23
201;9;8;Azenha;13804;13774;30;1;-2;3
201;9;8;Bom Fim;11576;11545;31;-2;-4;2
201;9;8;Centro;39194;39134;60;-4;-9;5
201;9;8;Cidade Baixa;15380;15347;33;0;-3;3
201;9;8;Farroupilha;932;921;11;0;-1;1
201;9;8;Floresta;11588;11566;22;-5;-6;1
201;9;8;Independência;8092;8069;23;2;-1;3
201;9;8;Menino Deus;31688;31622;66;7;0;7
201;9;8;Moinhos de Vento;11944;11917;27;5;-5;10
201;9;8;Praia de Belas;2264;2256;8;-3;-2;-1
201;9;8;Rio Branco;17532;17496;36;-1;-5;4
201;9;8;Santa Cecília;5751;5737;14;-3;-3;0
201;9;8;Santana;20744;20696;48;3;-2;5
202;10;8;Azenha;13799;13770;29;-5;-4;-1
202;10;8;Bom Fim;11570;11541;29;-6;-4;-2
202;10;8;Centro;39216;39132;84;22;-2;24
202;10;8;Cidade Baixa;15379;15341;38;-1;-6;5
202;10;8;Farroupilha;925;913;12;-7;-8;1
202;10;8;Floresta;11592;11563;29;4;-3;7
202;10;8;Independência;8089;8064;25;-3;-5;2
202;10;8;Menino Deus;31696;31620;76;8;-2;10
202;10;8;Moinhos de Vento;11944;11911;33;0;-6;6
202;10;8;Praia de Belas;2259;2251;8;-5;-5;0
202;10;8;Rio Branco;17536;17492;44;4;-4;8
202;10;8;Santa Cecília;5746;5733;13;-5;-4;-1
202;10;8;Santana;20738;20691;47;-6;-5;-1
203;11;8;Azenha;13800;13774;26;1;4;-3
203;11;8;Bom Fim;11572;11544;28;2;3;-1
203;11;8;Centro;39205;39136;69;-11;4;-15
203;11;8;Cidade Baixa;15385;15345;40;6;4;2
203;11;8;Farroupilha;931;918;13;6;5;1
203;11;8;Floresta;11596;11567;29;4;4;0
203;11;8;Independência;8095;8071;24;6;7;-1
203;11;8;Menino Deus;31683;31621;62;-13;1;-14
203;11;8;Moinhos de Vento;11937;11913;24;-7;2;-9
203;11;8;Praia de Belas;2261;2253;8;2;2;0
203;11;8;Rio Branco;17536;17497;39;0;5;-5
203;11;8;Santa Cecília;5747;5735;12;1;2;-1
203;11;8;Santana;20741;20694;47;3;3;0
204;12;8;Azenha;13813;13773;40;13;-1;14
204;12;8;Bom Fim;11580;11539;41;8;-5;13
204;12;8;Centro;39208;39134;74;3;-2;5
204;12;8;Cidade Baixa;15377;15341;36;-8;-4;-4
204;12;8;Farroupilha;930;913;17;-1;-5;4
204;12;8;Floresta;11595;11565;30;-1;-2;1
204;12;8;Independência;8091;8064;27;-4;-7;3
204;12;8;Menino Deus;31674;31618;56;-9;-3;-6
204;12;8;Moinhos de Vento;11943;11912;31;6;-1;7
204;12;8;Praia de Belas;2261;2253;8;0;0;0
204;12;8;Rio Branco;17534;17492;42;-2;-5;3
204;12;8;Santa Cecília;5746;5730;16;-1;-5;4
204;12;8;Santana;20737;20688;49;-4;-6;2
205;13;8;Azenha;13808;13766;42;-5;-7;2
205;13;8;Bom Fim;11573;11533;40;-7;-6;-1
205;13;8;Centro;39204;39128;76;-4;-6;2
205;13;8;Cidade Baixa;15384;15336;48;7;-5;12
205;13;8;Farroupilha;927;909;18;-3;-4;1
205;13;8;Floresta;11591;11559;32;-4;-6;2
205;13;8;Independência;8093;8059;34;2;-5;7
205;13;8;Menino Deus;31699;31617;82;25;-1;26
205;13;8;Moinhos de Vento;11943;11906;37;0;-6;6
205;13;8;Praia de Belas;2255;2246;9;-6;-7;1
205;13;8;Rio Branco;17534;17488;46;0;-4;4
205;13;8;Santa Cecília;5743;5726;17;-3;-4;1
205;13;8;Santana;20735;20684;51;-2;-4;2
206;14;8;Azenha;13813;13763;50;5;-3;8
206;14;8;Bom Fim;11569;11526;43;-4;-7;3
206;14;8;Centro;39201;39125;76;-3;-3;0
206;14;8;Cidade Baixa;15387;15334;53;3;-2;5
206;14;8;Farroupilha;923;904;19;-4;-5;1
206;14;8;Floresta;11597;11557;40;6;-2;8
206;14;8;Independência;8090;8054;36;-3;-5;2
206;14;8;Menino Deus;31691;31615;76;-8;-2;-6
206;14;8;Moinhos de Vento;11940;11902;38;-3;-4;1
206;14;8;Praia de Belas;2254;2245;9;-1;-1;0
206;14;8;Rio Branco;17547;17486;61;13;-2;15
206;14;8;Santa Cecília;5740;5720;20;-3;-6;3
206;14;8;Santana;20737;20680;57;2;-4;6
207;15;8;Azenha;13795;13748;47;-18;-15;-3
207;15;8;Bom Fim;11575;11517;58;6;-9;15
207;15;8;Centro;39231;39120;111;30;-5;35
207;15;8;Cidade Baixa;15379;15322;57;-8;-12;4
207;15;8;Farroupilha;910;890;20;-13;-14;1
207;15;8;Floresta;11596;11549;47;-1;-8;7
207;15;8;Independência;8088;8043;45;-2;-11;9
207;15;8;Menino Deus;31705;31607;98;14;-8;22
207;15;8;Moinhos de Vento;11939;11895;44;-1;-7;6
207;15;8;Praia de Belas;2243;2234;9;-11;-11;0
207;15;8;Rio Branco;17545;17477;68;-2;-9;7
207;15;8;Santa Cecília;5733;5710;23;-7;-10;3
207;15;8;Santana;20750;20675;75;13;-5;18
208;16;8;Azenha;13809;13739;70;14;-9;23
208;16;8;Bom Fim;11565;11502;63;-10;-15;5
208;16;8;Centro;39238;39114;124;7;-6;13
208;16;8;Cidade Baixa;15379;15313;66;0;-9;9
208;16;8;Farroupilha;902;877;25;-8;-13;5
208;16;8;Floresta;11597;11537;60;1;-12;13
208;16;8;Independência;8082;8027;55;-6;-16;10
208;16;8;Menino Deus;31698;31595;103;-7;-12;5
208;16;8;Moinhos de Vento;11948;11887;61;9;-8;17
208;16;8;Praia de Belas;2235;2225;10;-8;-9;1
208;16;8;Rio Branco;17541;17468;73;-4;-9;5
208;16;8;Santa Cecília;5732;5702;30;-1;-8;7
208;16;8;Santana;20763;20667;96;13;-8;21
209;17;8;Azenha;13804;13742;62;-5;3;-8
209;17;8;Bom Fim;11576;11507;69;11;5;6
209;17;8;Centro;39231;39114;117;-7;0;-7
209;17;8;Cidade Baixa;15386;15314;72;7;1;6
209;17;8;Farroupilha;904;879;25;2;2;0
209;17;8;Floresta;11603;11542;61;6;5;1
209;17;8;Independência;8078;8031;47;-4;4;-8
209;17;8;Menino Deus;31691;31596;95;-7;1;-8
209;17;8;Moinhos de Vento;11938;11886;52;-10;-1;-9
209;17;8;Praia de Belas;2237;2227;10;2;2;0
209;17;8;Rio Branco;17544;17471;73;3;3;0
209;17;8;Santa Cecília;5736;5703;33;4;1;3
209;17;8;Santana;20761;20669;92;-2;2;-4
210;18;8;Azenha;13804;13749;55;0;7;-7
210;18;8;Bom Fim;11563;11511;52;-13;4;-17
210;18;8;Centro;39231;39121;110;0;7;-7
210;18;8;Cidade Baixa;15373;15320;53;-13;6;-19
210;18;8;Farroupilha;916;890;26;12;11;1
210;18;8;Floresta;11591;11546;45;-12;4;-16
210;18;8;Independência;8093;8043;50;15;12;3
210;18;8;Menino Deus;31687;31604;83;-4;8;-12
210;18;8;Moinhos de Vento;11948;11890;58;10;4;6
210;18;8;Praia de Belas;2244;2234;10;7;7;0
210;18;8;Rio Branco;17542;17478;64;-2;7;-9
210;18;8;Santa Cecília;5741;5709;32;5;6;-1
210;18;8;Santana;20756;20676;80;-5;7;-12
211;19;8;Azenha;13810;13755;55;6;6;0
211;19;8;Bom Fim;11568;11516;52;5;5;0
211;19;8;Centro;39221;39123;98;-10;2;-12
211;19;8;Cidade Baixa;15378;15324;54;5;4;1
211;19;8;Farroupilha;921;894;27;5;4;1
211;19;8;Floresta;11596;11551;45;5;5;0
211;19;8;Independência;8091;8046;45;-2;3;-5
211;19;8;Menino Deus;31676;31606;70;-11;2;-13
211;19;8;Moinhos de Vento;11945;11894;51;-3;4;-7
211;19;8;Praia de Belas;2248;2238;10;4;4;0
211;19;8;Rio Branco;17541;17482;59;-1;4;-5
211;19;8;Santa Cecília;5744;5715;29;3;6;-3
211;19;8;Santana;20750;20679;71;-6;3;-9
212;20;8;Azenha;13802;13757;45;-8;2;-10
212;20;8;Bom Fim;11567;11516;51;-1;0;-1
212;20;8;Centro;39208;39125;83;-13;2;-15
212;20;8;Cidade Baixa;15382;15328;54;4;4;0
212;20;8;Farroupilha;930;899;31;9;5;4
212;20;8;Floresta;11599;11551;48;3;0;3
212;20;8;Independência;8091;8046;45;0;0;0
212;20;8;Menino Deus;31675;31608;67;-1;2;-3
212;20;8;Moinhos de Vento;11949;11897;52;4;3;1
212;20;8;Praia de Belas;2250;2240;10;2;2;0
212;20;8;Rio Branco;17549;17486;63;8;4;4
212;20;8;Santa Cecília;5749;5718;31;5;3;2
212;20;8;Santana;20738;20679;59;-12;0;-12
213;21;8;Azenha;13803;13760;43;1;3;-2
213;21;8;Bom Fim;11570;11521;49;3;5;-2
213;21;8;Centro;39195;39129;66;-13;4;-17
213;21;8;Cidade Baixa;15383;15334;49;1;6;-5
213;21;8;Farroupilha;936;905;31;6;6;0
213;21;8;Floresta;11596;11555;41;-3;4;-7
213;21;8;Independência;8096;8050;46;5;4;1
213;21;8;Menino Deus;31667;31610;57;-8;2;-10
213;21;8;Moinhos de Vento;11947;11902;45;-2;5;-7
213;21;8;Praia de Belas;2257;2246;11;7;6;1
213;21;8;Rio Branco;17542;17488;54;-7;2;-9
213;21;8;Santa Cecília;5756;5724;32;7;6;1
213;21;8;Santana;20741;20682;59;3;3;0
214;22;8;Azenha;13807;13766;41;4;6;-2
214;22;8;Bom Fim;11576;11527;49;6;6;0
214;22;8;Centro;39181;39130;51;-14;1;-15
214;22;8;Cidade Baixa;15383;15338;45;0;4;-4
214;22;8;Farroupilha;940;909;31;4;4;0
214;22;8;Floresta;11598;11559;39;2;4;-2
214;22;8;Independência;8103;8058;45;7;8;-1
214;22;8;Menino Deus;31659;31612;47;-8;2;-10
214;22;8;Moinhos de Vento;11947;11907;40;0;5;-5
214;22;8;Praia de Belas;2262;2250;12;5;4;1
214;22;8;Rio Branco;17539;17493;46;-3;5;-8
214;22;8;Santa Cecília;5761;5729;32;5;5;0
214;22;8;Santana;20733;20685;48;-8;3;-11
215;23;8;Azenha;13804;13804;0;-3;38;-41
215;23;8;Bom Fim;11593;11593;0;17;66;-49
215;23;8;Centro;39154;39154;0;-27;24;-51
215;23;8;Cidade Baixa;15379;15379;0;-4;41;-45
215;23;8;Farroupilha;961;961;0;21;52;-31
215;23;8;Floresta;11596;11596;0;-2;37;-39
215;23;8;Independência;8112;8112;0;9;54;-45
215;23;8;Menino Deus;31650;31650;0;-9;38;-47
215;23;8;Moinhos de Vento;11937;11937;0;-10;30;-40
215;23;8;Praia de Belas;2281;2281;0;19;31;-12
215;23;8;Rio Branco;17531;17531;0;-8;38;-46
215;23;8;Santa Cecília;5768;5768;0;7;39;-32
215;23;8;Santana;20723;20723;0;-10;38;-48
216;0;9;Azenha;13803;13801;2;-1;-3;2
216;0;9;Bom Fim;11593;11589;4;0;-4;4
216;0;9;Centro;39155;39154;1;1;0;1
216;0;9;Cidade Baixa;15379;15377;2;0;-2;2
216;0;9;Farroupilha;962;959;3;1;-2;3
216;0;9;Floresta;11596;11594;2;0;-2;2
216;0;9;Independência;8109;8106;3;-3;-6;3
216;0;9;Menino Deus;31649;31647;2;-1;-3;2
216;0;9;Moinhos de Vento;11939;11937;2;2;0;2
216;0;9;Praia de Belas;2281;2280;1;0;-1;1
216;0;9;Rio Branco;17531;17529;2;0;-2;2
216;0;9;Santa Cecília;5768;5766;2;0;-2;2
216;0;9;Santana;20724;20722;2;1;-1;2
217;1;9;Azenha;13802;13797;5;-1;-4;3
217;1;9;Bom Fim;11593;11585;8;0;-4;4
217;1;9;Centro;39170;39154;16;15;0;15
217;1;9;Cidade Baixa;15378;15374;4;-1;-3;2
217;1;9;Farroupilha;956;953;3;-6;-6;0
217;1;9;Floresta;11594;11590;4;-2;-4;2
217;1;9;Independência;8104;8099;5;-5;-7;2
217;1;9;Menino Deus;31652;31643;9;3;-4;7
217;1;9;Moinhos de Vento;11941;11936;5;2;-1;3
217;1;9;Praia de Belas;2278;2276;2;-3;-4;1
217;1;9;Rio Branco;17533;17527;6;2;-2;4
217;1;9;Santa Cecília;5764;5761;3;-4;-5;1
217;1;9;Santana;20724;20718;6;0;-4;4
218;2;9;Azenha;13801;13796;5;-1;-1;0
218;2;9;Bom Fim;11589;11581;8;-4;-4;0
218;2;9;Centro;39180;39153;27;10;-1;11
218;2;9;Cidade Baixa;15376;15372;4;-2;-2;0
218;2;9;Farroupilha;952;949;3;-4;-4;0
218;2;9;Floresta;11591;11587;4;-3;-3;0
218;2;9;Independência;8104;8098;6;0;-1;1
218;2;9;Menino Deus;31659;31641;18;7;-2;9
218;2;9;Moinhos de Vento;11939;11934;5;-2;-2;0
218;2;9;Praia de Belas;2277;2274;3;-1;-2;1
218;2;9;Rio Branco;17534;17525;9;1;-2;3
218;2;9;Santa Cecília;5762;5758;4;-2;-3;1
218;2;9;Santana;20725;20715;10;1;-3;4
219;3;9;Azenha;13802;13796;6;1;0;1
219;3;9;Bom Fim;11589;11582;7;0;1;-1
219;3;9;Centro;39173;39153;20;-7;0;-7
219;3;9;Cidade Baixa;15378;15373;5;2;1;1
219;3;9;Farroupilha;953;950;3;1;1;0
219;3;9;Floresta;11593;11589;4;2;2;0
219;3;9;Independência;8104;8098;6;0;0;0
219;3;9;Menino Deus;31656;31640;16;-3;-1;-2
219;3;9;Moinhos de Vento;11937;11933;4;-2;-1;-1
219;3;9;Praia de Belas;2278;2274;4;1;0;1
219;3;9;Rio Branco;17536;17525;11;2;0;2
219;3;9;Santa Cecília;5763;5759;4;1;1;0
219;3;9;Santana;20727;20715;12;2;0;2
220;4;9;Azenha;13803;13792;11;1;-4;5
220;4;9;Bom Fim;11590;11574;16;1;-8;9
220;4;9;Centro;39185;39152;33;12;-1;13
220;4;9;Cidade Baixa;15377;15367;10;-1;-6;5
220;4;9;Farroupilha;947;941;6;-6;-9;3
220;4;9;Floresta;11590;11583;7;-3;-6;3
220;4;9;Independência;8098;8086;12;-6;-12;6
220;4;9;Menino Deus;31663;31636;27;7;-4;11
220;4;9;Moinhos de Vento;11941;11932;9;4;-1;5
220;4;9;Praia de Belas;2274;2268;6;-4;-6;2
220;4;9;Rio Branco;17535;17519;16;-1;-6;5
220;4;9;Santa Cecília;5763;5755;8;0;-4;4
220;4;9;Santana;20723;20711;12;-4;-4;0
221;5;9;Azenha;13802;13791;11;-1;-1;0
221;5;9;Bom Fim;11587;11571;16;-3;-3;0
221;5;9;Centro;39185;39151;34;0;-1;1
221;5;9;Cidade Baixa;15377;15365;12;0;-2;2
221;5;9;Farroupilha;946;940;6;-1;-1;0
221;5;9;Floresta;11593;11584;9;3;1;2
221;5;9;Independência;8098;8086;12;0;0;0
221;5;9;Menino Deus;31663;31633;30;0;-3;3
221;5;9;Moinhos de Vento;11940;11931;9;-1;-1;0
221;5;9;Praia de Belas;2276;2269;7;2;1;1
221;5;9;Rio Branco;17532;17514;18;-3;-5;2
221;5;9;Santa Cecília;5764;5755;9;1;0;1
221;5;9;Santana;20726;20710;16;3;-1;4
222;6;9;Azenha;13802;13792;10;0;1;-1
222;6;9;Bom Fim;11589;11575;14;2;4;-2
222;6;9;Centro;39177;39152;25;-8;1;-9
222;6;9;Cidade Baixa;15378;15368;10;1;3;-2
222;6;9;Farroupilha;949;943;6;3;3;0
222;6;9;Floresta;11593;11585;8;0;1;-1
222;6;9;Independência;8101;8090;11;3;4;-1
222;6;9;Menino Deus;31655;31632;23;-8;-1;-7
222;6;9;Moinhos de Vento;11939;11931;8;-1;0;-1
222;6;9;Praia de Belas;2280;2272;8;4;3;1
222;6;9;Rio Branco;17535;17519;16;3;5;-2
222;6;9;Santa Cecília;5765;5757;8;1;2;-1
222;6;9;Santana;20726;20712;14;0;2;-2
223;7;9;Azenha;13803;13788;15;1;-4;5
223;7;9;Bom Fim;11582;11566;16;-7;-9;2
223;7;9;Centro;39196;39150;46;19;-2;21
223;7;9;Cidade Baixa;15379;15362;17;1;-6;7
223;7;9;Farroupilha;942;936;6;-7;-7;0
223;7;9;Floresta;11592;11582;10;-1;-3;2
223;7;9;Independência;8096;8084;12;-5;-6;1
223;7;9;Menino Deus;31660;31629;31;5;-3;8
223;7;9;Moinhos de Vento;11939;11928;11;0;-3;3
223;7;9;Praia de Belas;2276;2268;8;-4;-4;0
223;7;9;Rio Branco;17536;17513;23;1;-6;7
223;7;9;Santa Cecília;5762;5753;9;-3;-4;1
223;7;9;Santana;20726;20706;20;0;-6;6
224;8;9;Azenha;13803;13776;27;0;-12;12
224;8;9;Bom Fim;11578;11549;29;-4;-17;13
224;8;9;Centro;39198;39143;55;2;-7;9
224;8;9;Cidade Baixa;15380;15350;30;1;-12;13
224;8;9;Farroupilha;932;922;10;-10;-14;4
224;8;9;Floresta;11593;11572;21;1;-10;11
224;8;9;Independência;8090;8070;20;-6;-14;8
224;8;9;Menino Deus;31681;31622;59;21;-7;28
224;8;9;Moinhos de Vento;11939;11922;17;0;-6;6
224;8;9;Praia de Belas;2267;2258;9;-9;-10;1
224;8;9;Rio Branco;17533;17501;32;-3;-12;9
224;8;9;Santa Cecília;5754;5740;14;-8;-13;5
224;8;9;Santana;20741;20698;43;15;-8;23
225;9;9;Azenha;13804;13774;30;1;-2;3
225;9;9;Bom Fim;11576;11545;31;-2;-4;2
225;9;9;Centro;39194;39134;60;-4;-9;5
225;9;9;Cidade Baixa;15380;15347;33;0;-3;3
225;9;9;Farroupilha;932;921;11;0;-1;1
225;9;9;Floresta;11588;11566;22;-5;-6;1
225;9;9;Independência;8092;8069;23;2;-1;3
225;9;9;Menino Deus;31688;31622;66;7;0;7
225;9;9;Moinhos de Vento;11944;11917;27;5;-5;10
225;9;9;Praia de Belas;2264;2256;8;-3;-2;-1
225;9;9;Rio Branco;17532;17496;36;-1;-5;4
225;9;9;Santa Cecília;5751;5737;14;-3;-3;0
225;9;9;Santana;20744;20696;48;3;-2;5
226;10;9;Azenha;13799;13770;29;-5;-4;-1
226;10;9;Bom Fim;11570;11541;29;-6;-4;-2
226;10;9;Centro;39216;39132;84;22;-2;24
226;10;9;Cidade Baixa;15379;15341;38;-1;-6;5
226;10;9;Farroupilha;925;913;12;-7;-8;1
226;10;9;Floresta;11592;11563;29;4;-3;7
226;10;9;Independência;8089;8064;25;-3;-5;2
226;10;9;Menino Deus;31696;31620;76;8;-2;10
226;10;9;Moinhos de Vento;11944;11911;33;0;-6;6
226;10;9;Praia de Belas;2259;2251;8;-5;-5;0
226;10;9;Rio Branco;17536;17492;44;4;-4;8
226;10;9;Santa Cecília;5746;5733;13;-5;-4;-1
226;10;9;Santana;20738;20691;47;-6;-5;-1
227;11;9;Azenha;13800;13774;26;1;4;-3
227;11;9;Bom Fim;11572;11544;28;2;3;-1
227;11;9;Centro;39205;39136;69;-11;4;-15
227;11;9;Cidade Baixa;15385;15345;40;6;4;2
227;11;9;Farroupilha;931;918;13;6;5;1
227;11;9;Floresta;11596;11567;29;4;4;0
227;11;9;Independência;8095;8071;24;6;7;-1
227;11;9;Menino Deus;31683;31621;62;-13;1;-14
227;11;9;Moinhos de Vento;11937;11913;24;-7;2;-9
227;11;9;Praia de Belas;2261;2253;8;2;2;0
227;11;9;Rio Branco;17536;17497;39;0;5;-5
227;11;9;Santa Cecília;5747;5735;12;1;2;-1
227;11;9;Santana;20741;20694;47;3;3;0
228;12;9;Azenha;13813;13773;40;13;-1;14
228;12;9;Bom Fim;11580;11539;41;8;-5;13
228;12;9;Centro;39208;39134;74;3;-2;5
228;12;9;Cidade Baixa;15377;15341;36;-8;-4;-4
228;12;9;Farroupilha;930;913;17;-1;-5;4
228;12;9;Floresta;11595;11565;30;-1;-2;1
228;12;9;Independência;8091;8064;27;-4;-7;3
228;12;9;Menino Deus;31674;31618;56;-9;-3;-6
228;12;9;Moinhos de Vento;11943;11912;31;6;-1;7
228;12;9;Praia de Belas;2261;2253;8;0;0;0
228;12;9;Rio Branco;17534;17492;42;-2;-5;3
228;12;9;Santa Cecília;5746;5730;16;-1;-5;4
228;12;9;Santana;20737;20688;49;-4;-6;2
229;13;9;Azenha;13808;13766;42;-5;-7;2
229;13;9;Bom Fim;11573;11533;40;-7;-6;-1
229;13;9;Centro;39204;39128;76;-4;-6;2
229;13;9;Cidade Baixa;15384;15336;48;7;-5;12
229;13;9;Farroupilha;927;909;18;-3;-4;1
229;13;9;Floresta;11591;11559;32;-4;-6;2
229;13;9;Independência;8093;8059;34;2;-5;7
229;13;9;Menino Deus;31699;31617;82;25;-1;26
229;13;9;Moinhos de Vento;11943;11906;37;0;-6;6
229;13;9;Praia de Belas;2255;2246;9;-6;-7;1
229;13;9;Rio Branco;17534;17488;46;0;-4;4
229;13;9;Santa Cecília;5743;5726;17;-3;-4;1
229;13;9;Santana;20735;20684;51;-2;-4;2
230;14;9;Azenha;13813;13763;50;5;-3;8
230;14;9;Bom Fim;11569;11526;43;-4;-7;3
230;14;9;Centro;39201;39125;76;-3;-3;0
230;14;9;Cidade Baixa;15387;15334;53;3;-2;5
230;14;9;Farroupilha;923;904;19;-4;-5;1
230;14;9;Floresta;11597;11557;40;6;-2;8
230;14;9;Independência;8090;8054;36;-3;-5;2
230;14;9;Menino Deus;31691;31615;76;-8;-2;-6
230;14;9;Moinhos de Vento;11940;11902;38;-3;-4;1
230;14;9;Praia de Belas;2254;2245;9;-1;-1;0
230;14;9;Rio Branco;17547;17486;61;13;-2;15
230;14;9;Santa Cecília;5740;5720;20;-3;-6;3
230;14;9;Santana;20737;20680;57;2;-4;6
231;15;9;Azenha;13795;13748;47;-18;-15;-3
231;15;9;Bom Fim;11575;11517;58;6;-9;15
231;15;9;Centro;39231;39120;111;30;-5;35
231;15;9;Cidade Baixa;15379;15322;57;-8;-12;4
231;15;9;Farroupilha;910;890;20;-13;-14;1
231;15;9;Floresta;11596;11549;47;-1;-8;7
231;15;9;Independência;8088;8043;45;-2;-11;9
231;15;9;Menino Deus;31705;31607;98;14;-8;22
231;15;9;Moinhos de Vento;11939;11895;44;-1;-7;6
231;15;9;Praia de Belas;2243;2234;9;-11;-11;0
231;15;9;Rio Branco;17545;17477;68;-2;-9;7
231;15;9;Santa Cecília;5733;5710;23;-7;-10;3
231;15;9;Santana;20750;20675;75;13;-5;18
232;16;9;Azenha;13809;13739;70;14;-9;23
232;16;9;Bom Fim;11565;11502;63;-10;-15;5
232;16;9;Centro;39238;39114;124;7;-6;13
232;16;9;Cidade Baixa;15379;15313;66;0;-9;9
232;16;9;Farroupilha;902;877;25;-8;-13;5
232;16;9;Floresta;11597;11537;60;1;-12;13
232;16;9;Independência;8082;8027;55;-6;-16;10
232;16;9;Menino Deus;31698;31595;103;-7;-12;5
232;16;9;Moinhos de Vento;11948;11887;61;9;-8;17
232;16;9;Praia de Belas;2235;2225;10;-8;-9;1
232;16;9;Rio Branco;17541;17468;73;-4;-9;5
232;16;9;Santa Cecília;5732;5702;30;-1;-8;7
232;16;9;Santana;20763;20667;96;13;-8;21
233;17;9;Azenha;13804;13742;62;-5;3;-8
233;17;9;Bom Fim;11576;11507;69;11;5;6
233;17;9;Centro;39231;39114;117;-7;0;-7
233;17;9;Cidade Baixa;15386;15314;72;7;1;6
233;17;9;Farroupilha;904;879;25;2;2;0
233;17;9;Floresta;11603;11542;61;6;5;1
233;17;9;Independência;8078;8031;47;-4;4;-8
233;17;9;Menino Deus;31691;31596;95;-7;1;-8
233;17;9;Moinhos de Vento;11938;11886;52;-10;-1;-9
233;17;9;Praia de Belas;2237;2227;10;2;2;0
233;17;9;Rio Branco;17544;17471;73;3;3;0
233;17;9;Santa Cecília;5736;5703;33;4;1;3
233;17;9;Santana;20761;20669;92;-2;2;-4
234;18;9;Azenha;13804;13749;55;0;7;-7
234;18;9;Bom Fim;11563;11511;52;-13;4;-17
234;18;9;Centro;39231;39121;110;0;7;-7
234;18;9;Cidade Baixa;15373;15320;53;-13;6;-19
234;18;9;Farroupilha;916;890;26;12;11;1
234;18;9;Floresta;11591;11546;45;-12;4;-16
234;18;9;Independência;8093;8043;50;15;12;3
234;18;9;Menino Deus;31687;31604;83;-4;8;-12
234;18;9;Moinhos de Vento;11948;11890;58;10;4;6
234;18;9;Praia de Belas;2244;2234;10;7;7;0
234;18;9;Rio Branco;17542;17478;64;-2;7;-9
234;18;9;Santa Cecília;5741;5709;32;5;6;-1
234;18;9;Santana;20756;20676;80;-5;7;-12
235;19;9;Azenha;13810;13755;55;6;6;0
235;19;9;Bom Fim;11568;11516;52;5;5;0
235;19;9;Centro;39221;39123;98;-10;2;-12
235;19;9;Cidade Baixa;15378;15324;54;5;4;1
235;19;9;Farroupilha;921;894;27;5;4;1
235;19;9;Floresta;11596;11551;45;5;5;0
235;19;9;Independência;8091;8046;45;-2;3;-5
235;19;9;Menino Deus;31676;31606;70;-11;2;-13
235;19;9;Moinhos de Vento;11945;11894;51;-3;4;-7
235;19;9;Praia de Belas;2248;2238;10;4;4;0
235;19;9;Rio Branco;17541;17482;59;-1;4;-5
235;19;9;Santa Cecília;5744;5715;29;3;6;-3
235;19;9;Santana;20750;20679;71;-6;3;-9
236;20;9;Azenha;13802;13757;45;-8;2;-10
236;20;9;Bom Fim;11567;11516;51;-1;0;-1
236;20;9;Centro;39208;39125;83;-13;2;-15
236;20;9;Cidade Baixa;15382;15328;54;4;4;0
236;20;9;Farroupilha;930;899;31;9;5;4
236;20;9;Floresta;11599;11551;48;3;0;3
236;20;9;Independência;8091;8046;45;0;0;0
236;20;9;Menino Deus;31675;31608;67;-1;2;-3
236;20;9;Moinhos de Vento;11949;11897;52;4;3;1
236;20;9;Praia de Belas;2250;2240;10;2;2;0
236;20;9;Rio Branco;17549;17486;63;8;4;4
236;20;9;Santa Cecília;5749;5718;31;5;3;2
236;20;9;Santana;20738;20679;59;-12;0;-12
237;21;9;Azenha;13803;13760;43;1;3;-2
237;21;9;Bom Fim;11570;11521;49;3;5;-2
237;21;9;Centro;39195;39129;66;-13;4;-17
237;21;9;Cidade Baixa;15383;15334;49;1;6;-5
237;21;9;Farroupilha;936;905;31;6;6;0
237;21;9;Floresta;11596;11555;41;-3;4;-7
237;21;9;Independência;8096;8050;46;5;4;1
237;21;9;Menino Deus;31667;31610;57;-8;2;-10
237;21;9;Moinhos de Vento;11947;11902;45;-2;5;-7
237;21;9;Praia de Belas;2257;2246;11;7;6;1
237;21;9;Rio Branco;17542;17488;54;-7;2;-9
237;21;9;Santa Cecília;5756;5724;32;7;6;1
237;21;9;Santana;20741;20682;59;3;3;0
238;22;9;Azenha;13807;13766;41;4;6;-2
238;22;9;Bom Fim;11576;11527;49;6;6;0
238;22;9;Centro;39181;39130;51;-14;1;-15
238;22;9;Cidade Baixa;15383;15338;45;0;4;-4
238;22;9;Farroupilha;940;909;31;4;4;0
238;22;9;Floresta;11598;11559;39;2;4;-2
238;22;9;Independência;8103;8058;45;7;8;-1
238;22;9;Menino Deus;31659;31612;47;-8;2;-10
238;22;9;Moinhos de Vento;11947;11907;40;0;5;-5
238;22;9;Praia de Belas;2262;2250;12;5;4;1
238;22;9;Rio Branco;17539;17493;46;-3;5;-8
238;22;9;Santa Cecília;5761;5729;32;5;5;0
238;22;9;Santana;20733;20685;48;-8;3;-11
239;23;9;Azenha;13804;13804;0;-3;38;-41
239;23;9;Bom Fim;11593;11593;0;17;66;-49
239;23;9;Centro;39154;39154;0;-27;24;-51
239;23;9;Cidade Baixa;15379;15379;0;-4;41;-45
239;23;9;Farroupilha;961;961;0;21;52;-31
239;23;9;Floresta;11596;11596;0;-2;37;-39
239;23;9;Independência;8112;8112;0;9;54;-45
239;23;9;Menino Deus;31650;31650;0;-9;38;-47
239;23;9;Moinhos de Vento;11937;11937;0;-10;30;-40
239;23;9;Praia de Belas;2281;2281;0;19;31;-12
239;23;9;Rio Branco;17531;17531;0;-8;38;-46
239;23;9;Santa Cecília;5768;5768;0;7;39;-32
239;23;9;Santana;20723;20723;0;-10;38;-48
