Frame;Hour;Day;Region;Total;Locals;Outsiders;dTotals;dLocals;dOutsiders
0;0;0;Azenha;13806;13672;134;2;-132;134
0;0;0;Bom Fim;11568;11414;154;-25;-179;154
0;0;0;Centro;39171;39048;123;17;-106;123
0;0;0;Cidade Baixa;15375;15236;139;-4;-143;139
0;0;0;Farroupilha;940;792;148;-21;-169;148
0;0;0;Floresta;11608;11476;132;12;-120;132
0;0;0;Independência;8094;7946;148;-18;-166;148
0;0;0;Menino Deus;31660;31531;129;10;-119;129
0;0;0;Moinhos de Vento;11949;11820;129;12;-117;129
0;0;0;Praia de Belas;2295;2174;121;14;-107;121
0;0;0;Rio Branco;17529;17387;142;-2;-144;142
0;0;0;Santa Cecília;5768;5631;137;0;-137;137
0;0;0;Santana;20726;20592;134;3;-131;134
1;1;0;Azenha;13806;13672;134;0;0;0
1;1;0;Bom Fim;11568;11414;154;0;0;0
1;1;0;Centro;39171;39048;123;0;0;0
1;1;0;Cidade Baixa;15375;15236;139;0;0;0
1;1;0;Farroupilha;940;792;148;0;0;0
1;1;0;Floresta;11608;11476;132;0;0;0
1;1;0;Independência;8094;7946;148;0;0;0
1;1;0;Menino Deus;31660;31531;129;0;0;0
1;1;0;Moinhos de Vento;11949;11820;129;0;0;0
1;1;0;Praia de Belas;2295;2174;121;0;0;0
1;1;0;Rio Branco;17529;17387;142;0;0;0
1;1;0;Santa Cecília;5768;5631;137;0;0;0
1;1;0;Santana;20726;20592;134;0;0;0
2;2;0;Azenha;13806;13672;134;0;0;0
2;2;0;Bom Fim;11568;11414;154;0;0;0
2;2;0;Centro;39171;39048;123;0;0;0
2;2;0;Cidade Baixa;15375;15236;139;0;0;0
2;2;0;Farroupilha;940;792;148;0;0;0
2;2;0;Floresta;11608;11476;132;0;0;0
2;2;0;Independência;8094;7946;148;0;0;0
2;2;0;Menino Deus;31660;31531;129;0;0;0
2;2;0;Moinhos de Vento;11949;11820;129;0;0;0
2;2;0;Praia de Belas;2295;2174;121;0;0;0
2;2;0;Rio Branco;17529;17387;142;0;0;0
2;2;0;Santa Cecília;5768;5631;137;0;0;0
2;2;0;Santana;20726;20592;134;0;0;0
3;3;0;Azenha;13806;13672;134;0;0;0
3;3;0;Bom Fim;11568;11414;154;0;0;0
3;3;0;Centro;39171;39048;123;0;0;0
3;3;0;Cidade Baixa;15375;15236;139;0;0;0
3;3;0;Farroupilha;940;792;148;0;0;0
3;3;0;Floresta;11608;11476;132;0;0;0
3;3;0;Independência;8094;7946;148;0;0;0
3;3;0;Menino Deus;31660;31531;129;0;0;0
3;3;0;Moinhos de Vento;11949;11820;129;0;0;0
3;3;0;Praia de Belas;2295;2174;121;0;0;0
3;3;0;Rio Branco;17529;17387;142;0;0;0
3;3;0;Santa Cecília;5768;5631;137;0;0;0
3;3;0;Santana;20726;20592;134;0;0;0
4;4;0;Azenha;13804;13536;268;-2;-136;134
4;4;0;Bom Fim;11540;11232;308;-28;-182;154
4;4;0;Centro;39185;38939;246;14;-109;123
4;4;0;Cidade Baixa;15369;15091;278;-6;-145;139
4;4;0;Farroupilha;980;684;296;40;-108;148
4;4;0;Floresta;11618;11354;264;10;-122;132
4;4;0;Independência;8073;7777;296;-21;-169;148
4;4;0;Menino Deus;31667;31409;258;7;-122;129
4;4;0;Moinhos de Vento;11953;11701;252;4;-119;123
4;4;0;Praia de Belas;2303;2066;237;8;-108;116
4;4;0;Rio Branco;17518;17241;277;-11;-146;135
4;4;0;Santa Cecília;5759;5490;269;-9;-141;132
4;4;0;Santana;20720;20457;263;-6;-135;129
5;5;0;Azenha;13804;13536;268;0;0;0
5;5;0;Bom Fim;11540;11232;308;0;0;0
5;5;0;Centro;39185;38939;246;0;0;0
5;5;0;Cidade Baixa;15369;15091;278;0;0;0
5;5;0;Farroupilha;980;684;296;0;0;0
5;5;0;Floresta;11618;11354;264;0;0;0
5;5;0;Independência;8073;7777;296;0;0;0
5;5;0;Menino Deus;31667;31409;258;0;0;0
5;5;0;Moinhos de Vento;11953;11701;252;0;0;0
5;5;0;Praia de Belas;2303;2066;237;0;0;0
5;5;0;Rio Branco;17518;17241;277;0;0;0
5;5;0;Santa Cecília;5759;5490;269;0;0;0
5;5;0;Santana;20720;20457;263;0;0;0
6;6;0;Azenha;13804;13536;268;0;0;0
6;6;0;Bom Fim;11540;11232;308;0;0;0
6;6;0;Centro;39185;38939;246;0;0;0
6;6;0;Cidade Baixa;15369;15091;278;0;0;0
6;6;0;Farroupilha;980;684;296;0;0;0
6;6;0;Floresta;11618;11354;264;0;0;0
6;6;0;Independência;8073;7777;296;0;0;0
6;6;0;Menino Deus;31667;31409;258;0;0;0
6;6;0;Moinhos de Vento;11953;11701;252;0;0;0
6;6;0;Praia de Belas;2303;2066;237;0;0;0
6;6;0;Rio Branco;17518;17241;277;0;0;0
6;6;0;Santa Cecília;5759;5490;269;0;0;0
6;6;0;Santana;20720;20457;263;0;0;0
7;7;0;Azenha;13802;13500;302;-2;-36;34
7;7;0;Bom Fim;11527;11194;333;-13;-38;25
7;7;0;Centro;39250;38920;330;65;-19;84
7;7;0;Cidade Baixa;15378;15058;320;9;-33;42
7;7;0;Farroupilha;939;642;297;-41;-42;1
7;7;0;Floresta;11609;11326;283;-9;-28;19
7;7;0;Independência;8047;7739;308;-26;-38;12
7;7;0;Menino Deus;31718;31384;334;51;-25;76
7;7;0;Moinhos de Vento;11954;11676;278;1;-25;26
7;7;0;Praia de Belas;2270;2032;238;-33;-34;1
7;7;0;Rio Branco;17535;17214;321;17;-27;44
7;7;0;Santa Cecília;5729;5455;274;-30;-35;5
7;7;0;Santana;20731;20428;303;11;-29;40
8;8;0;Azenha;13774;13331;443;-28;-169;141
8;8;0;Bom Fim;11460;10970;490;-67;-224;157
8;8;0;Centro;39277;38793;484;27;-127;154
8;8;0;Cidade Baixa;15333;14874;459;-45;-184;139
8;8;0;Farroupilha;1127;582;545;188;-60;248
8;8;0;Floresta;11622;11182;440;13;-144;157
8;8;0;Independência;7994;7535;459;-53;-204;151
8;8;0;Menino Deus;31754;31241;513;36;-143;179
8;8;0;Moinhos de Vento;11943;11532;411;-11;-144;133
8;8;0;Praia de Belas;2247;1896;351;-23;-136;113
8;8;0;Rio Branco;17516;17042;474;-19;-172;153
8;8;0;Santa Cecília;5695;5281;414;-34;-174;140
8;8;0;Santana;20747;20266;481;16;-162;178
9;9;0;Azenha;13790;13326;464;16;-5;21
9;9;0;Bom Fim;11456;10954;502;-4;-16;12
9;9;0;Centro;39295;38784;511;18;-9;27
9;9;0;Cidade Baixa;15356;14864;492;23;-10;33
9;9;0;Farroupilha;1093;545;548;-34;-37;3
9;9;0;Floresta;11609;11170;439;-13;-12;-1
9;9;0;Independência;8001;7525;476;7;-10;17
9;9;0;Menino Deus;31740;31230;510;-14;-11;-3
9;9;0;Moinhos de Vento;11943;11523;420;0;-9;9
9;9;0;Praia de Belas;2237;1884;353;-10;-12;2
9;9;0;Rio Branco;17539;17033;506;23;-9;32
9;9;0;Santa Cecília;5683;5269;414;-12;-12;0
9;9;0;Santana;20747;20257;490;0;-9;9
10;10;0;Azenha;13800;13317;483;10;-9;19
10;10;0;Bom Fim;11458;10941;517;2;-13;15
10;10;0;Centro;39348;38781;567;53;-3;56
10;10;0;Cidade Baixa;15343;14848;495;-13;-16;3
10;10;0;Farroupilha;1062;512;550;-31;-33;2
10;10;0;Floresta;11603;11158;445;-6;-12;6
10;10;0;Independência;7991;7507;484;-10;-18;8
10;10;0;Menino Deus;31737;31222;515;-3;-8;5
10;10;0;Moinhos de Vento;11952;11513;439;9;-10;19
10;10;0;Praia de Belas;2228;1876;352;-9;-8;-1
10;10;0;Rio Branco;17543;17021;522;4;-12;16
10;10;0;Santa Cecília;5684;5261;423;1;-8;9
10;10;0;Santana;20740;20248;492;-7;-9;2
11;11;0;Azenha;13779;13322;457;-21;5;-26
11;11;0;Bom Fim;11456;10957;499;-2;16;-18
11;11;0;Centro;39295;38789;506;-53;8;-61
11;11;0;Cidade Baixa;15335;14857;478;-8;9;-17
11;11;0;Farroupilha;1061;510;551;-1;-2;1
11;11;0;Floresta;11622;11173;449;19;15;4
11;11;0;Independência;8000;7525;475;9;18;-9
11;11;0;Menino Deus;31762;31235;527;25;13;12
11;11;0;Moinhos de Vento;11955;11525;430;3;12;-9
11;11;0;Praia de Belas;2241;1888;353;13;12;1
11;11;0;Rio Branco;17525;17031;494;-18;10;-28
11;11;0;Santa Cecília;5688;5271;417;4;10;-6
11;11;0;Santana;20770;20262;508;30;14;16
12;12;0;Azenha;13767;13173;594;-12;-149;137
12;12;0;Bom Fim;11406;10746;660;-50;-211;161
12;12;0;Centro;39306;38669;637;11;-120;131
12;12;0;Cidade Baixa;15336;14691;645;1;-166;167
12;12;0;Farroupilha;1177;401;776;116;-109;225
12;12;0;Floresta;11618;11040;578;-4;-133;129
12;12;0;Independência;7967;7340;627;-33;-185;152
12;12;0;Menino Deus;31751;31105;646;-11;-130;119
12;12;0;Moinhos de Vento;11952;11394;558;-3;-131;128
12;12;0;Praia de Belas;2240;1774;466;-1;-114;113
12;12;0;Rio Branco;17536;16873;663;11;-158;169
12;12;0;Santa Cecília;5671;5114;557;-17;-157;140
12;12;0;Santana;20762;20113;649;-8;-149;141
13;13;0;Azenha;13784;13159;625;17;-14;31
13;13;0;Bom Fim;11427;10729;698;21;-17;38
13;13;0;Centro;39391;38662;729;85;-7;92
13;13;0;Cidade Baixa;15309;14668;641;-27;-23;-4
13;13;0;Farroupilha;1142;364;778;-35;-37;2
13;13;0;Floresta;11611;11022;589;-7;-18;11
13;13;0;Independência;7943;7314;629;-24;-26;2
13;13;0;Menino Deus;31775;31092;683;24;-13;37
13;13;0;Moinhos de Vento;11965;11382;583;13;-12;25
13;13;0;Praia de Belas;2222;1756;466;-18;-18;0
13;13;0;Rio Branco;17522;16855;667;-14;-18;4
13;13;0;Santa Cecília;5665;5100;565;-6;-14;8
13;13;0;Santana;20733;20094;639;-29;-19;-10
14;14;0;Azenha;13786;13152;634;2;-7;9
14;14;0;Bom Fim;11413;10722;691;-14;-7;-7
14;14;0;Centro;39340;38652;688;-51;-10;-41
14;14;0;Cidade Baixa;15311;14666;645;2;-2;4
14;14;0;Farroupilha;1123;343;780;-19;-21;2
14;14;0;Floresta;11634;11024;610;23;2;21
14;14;0;Independência;7952;7311;641;9;-3;12
14;14;0;Menino Deus;31786;31091;695;11;-1;12
14;14;0;Moinhos de Vento;11952;11378;574;-13;-4;-9
14;14;0;Praia de Belas;2219;1752;467;-3;-4;1
14;14;0;Rio Branco;17541;16854;687;19;-1;20
14;14;0;Santa Cecília;5662;5093;569;-3;-7;4
14;14;0;Santana;20770;20091;679;37;-3;40
15;15;0;Azenha;13767;13131;636;-19;-21;2
15;15;0;Bom Fim;11397;10692;705;-16;-30;14
15;15;0;Centro;39458;38642;816;118;-10;128
15;15;0;Cidade Baixa;15330;14640;690;19;-26;45
15;15;0;Farroupilha;1107;324;783;-16;-19;3
15;15;0;Floresta;11600;10998;602;-34;-26;-8
15;15;0;Independência;7947;7288;659;-5;-23;18
15;15;0;Menino Deus;31768;31070;698;-18;-21;3
15;15;0;Moinhos de Vento;11963;11363;600;11;-15;26
15;15;0;Praia de Belas;2200;1730;470;-19;-22;3
15;15;0;Rio Branco;17529;16832;697;-12;-22;10
15;15;0;Santa Cecília;5650;5074;576;-12;-19;7
15;15;0;Santana;20773;20072;701;3;-19;22
16;16;0;Azenha;13739;12956;783;-28;-175;147
16;16;0;Bom Fim;11320;10454;866;-77;-238;161
16;16;0;Centro;39395;38497;898;-63;-145;82
16;16;0;Cidade Baixa;15291;14455;836;-39;-185;146
16;16;0;Farroupilha;1359;323;1036;252;-1;253
16;16;0;Floresta;11608;10846;762;8;-152;160
16;16;0;Independência;7898;7075;823;-49;-213;164
16;16;0;Menino Deus;31839;30926;913;71;-144;215
16;16;0;Moinhos de Vento;11976;11215;761;13;-148;161
16;16;0;Praia de Belas;2180;1586;594;-20;-144;124
16;16;0;Rio Branco;17521;16652;869;-8;-180;172
16;16;0;Santa Cecília;5616;4899;717;-34;-175;141
16;16;0;Santana;20747;19897;850;-26;-175;149
17;17;0;Azenha;13745;12975;770;6;19;-13
17;17;0;Bom Fim;11355;10473;882;35;19;16
17;17;0;Centro;39429;38509;920;34;12;22
17;17;0;Cidade Baixa;15285;14466;819;-6;11;-17
17;17;0;Farroupilha;1357;321;1036;-2;-2;0
17;17;0;Floresta;11608;10855;753;0;9;-9
17;17;0;Independência;7900;7088;812;2;13;-11
17;17;0;Menino Deus;31789;30931;858;-50;5;-55
17;17;0;Moinhos de Vento;11970;11225;745;-6;10;-16
17;17;0;Praia de Belas;2195;1601;594;15;15;0
17;17;0;Rio Branco;17493;16660;833;-28;8;-36
17;17;0;Santa Cecília;5625;4913;712;9;14;-5
17;17;0;Santana;20738;19910;828;-9;13;-22
18;18;0;Azenha;13774;12992;782;29;17;12
18;18;0;Bom Fim;11341;10490;851;-14;17;-31
18;18;0;Centro;39361;38520;841;-68;11;-79
18;18;0;Cidade Baixa;15268;14485;783;-17;19;-36
18;18;0;Farroupilha;1354;318;1036;-3;-3;0
18;18;0;Floresta;11611;10872;739;3;17;-14
18;18;0;Independência;7906;7111;795;6;23;-17
18;18;0;Menino Deus;31786;30942;844;-3;11;-14
18;18;0;Moinhos de Vento;11959;11239;720;-11;14;-25
18;18;0;Praia de Belas;2213;1618;595;18;17;1
18;18;0;Rio Branco;17526;16680;846;33;20;13
18;18;0;Santa Cecília;5643;4926;717;18;13;5
18;18;0;Santana;20747;19922;825;9;12;-3
19;19;0;Azenha;13773;13014;759;-1;22;-23
19;19;0;Bom Fim;11355;10512;843;14;22;-8
19;19;0;Centro;39333;38532;801;-28;12;-40
19;19;0;Cidade Baixa;15268;14502;766;0;17;-17
19;19;0;Farroupilha;1354;317;1037;0;-1;1
19;19;0;Floresta;11617;10890;727;6;18;-12
19;19;0;Independência;7920;7134;786;14;23;-9
19;19;0;Menino Deus;31784;30959;825;-2;17;-19
19;19;0;Moinhos de Vento;11971;11255;716;12;16;-4
19;19;0;Praia de Belas;2228;1635;593;15;17;-2
19;19;0;Rio Branco;17510;16697;813;-16;17;-33
19;19;0;Santa Cecília;5662;4954;708;19;28;-9
19;19;0;Santana;20714;19939;775;-33;17;-50
20;20;0;Azenha;13768;12884;884;-5;-130;125
20;20;0;Bom Fim;11287;10314;973;-68;-198;130
20;20;0;Centro;39311;38421;890;-22;-111;89
20;20;0;Cidade Baixa;15258;14353;905;-10;-149;139
20;20;0;Farroupilha;1601;313;1288;247;-4;251
20;20;0;Floresta;11615;10761;854;-2;-129;127
20;20;0;Independência;7894;6963;931;-26;-171;145
20;20;0;Menino Deus;31716;30833;883;-68;-126;58
20;20;0;Moinhos de Vento;11957;11130;827;-14;-125;111
20;20;0;Praia de Belas;2240;1531;709;12;-104;116
20;20;0;Rio Branco;17490;16548;942;-20;-149;129
20;20;0;Santa Cecília;5639;4806;833;-23;-148;125
20;20;0;Santana;20713;19801;912;-1;-138;137
21;21;0;Azenha;13752;12899;853;-16;15;-31
21;21;0;Bom Fim;11308;10337;971;21;23;-2
21;21;0;Centro;39306;38431;875;-5;10;-15
21;21;0;Cidade Baixa;15249;14364;885;-9;11;-20
21;21;0;Farroupilha;1600;313;1287;-1;0;-1
21;21;0;Floresta;11616;10773;843;1;12;-11
21;21;0;Independência;7896;6978;918;2;15;-13
21;21;0;Menino Deus;31723;30847;876;7;14;-7
21;21;0;Moinhos de Vento;11953;11141;812;-4;11;-15
21;21;0;Praia de Belas;2254;1545;709;14;14;0
21;21;0;Rio Branco;17473;16559;914;-17;11;-28
21;21;0;Santa Cecília;5657;4825;832;18;19;-1
21;21;0;Santana;20702;19814;888;-11;13;-24
22;22;0;Azenha;13770;12943;827;18;44;-26
22;22;0;Bom Fim;11321;10387;934;13;50;-37
22;22;0;Centro;39220;38453;767;-86;22;-108
22;22;0;Cidade Baixa;15258;14409;849;9;45;-36
22;22;0;Farroupilha;1631;348;1283;31;35;-4
22;22;0;Floresta;11617;10806;811;1;33;-32
22;22;0;Independência;7929;7027;902;33;49;-16
22;22;0;Menino Deus;31669;30874;795;-54;27;-81
22;22;0;Moinhos de Vento;11963;11174;789;10;33;-23
22;22;0;Praia de Belas;2290;1583;707;36;38;-2
22;22;0;Rio Branco;17457;16593;864;-16;34;-50
22;22;0;Santa Cecília;5689;4867;822;32;42;-10
22;22;0;Santana;20675;19846;829;-27;32;-59
23;23;0;Azenha;13804;13804;0;34;861;-827
23;23;0;Bom Fim;11593;11593;0;272;1206;-934
23;23;0;Centro;39154;39154;0;-66;701;-767
23;23;0;Cidade Baixa;15379;15379;0;121;970;-849
23;23;0;Farroupilha;961;961;0;-670;613;-1283
23;23;0;Floresta;11596;11596;0;-21;790;-811
23;23;0;Independência;8112;8112;0;183;1085;-902
23;23;0;Menino Deus;31650;31650;0;-19;776;-795
23;23;0;Moinhos de Vento;11937;11937;0;-26;763;-789
23;23;0;Praia de Belas;2281;2281;0;-9;698;-707
23;23;0;Rio Branco;17531;17531;0;74;938;-864
23;23;0;Santa Cecília;5768;5768;0;79;901;-822
23;23;0;Santana;20723;20723;0;48;877;-829
24;0;1;Azenha;13806;13672;134;2;-132;134
24;0;1;Bom Fim;11568;11414;154;-25;-179;154
24;0;1;Centro;39171;39048;123;17;-106;123
24;0;1;Cidade Baixa;15375;15236;139;-4;-143;139
24;0;1;Farroupilha;940;792;148;-21;-169;148
24;0;1;Floresta;11608;11476;132;12;-120;132
24;0;1;Independência;8094;7946;148;-18;-166;148
24;0;1;Menino Deus;31660;31531;129;10;-119;129
24;0;1;Moinhos de Vento;11949;11820;129;12;-117;129
24;0;1;Praia de Belas;2295;2174;121;14;-107;121
24;0;1;Rio Branco;17529;17387;142;-2;-144;142
24;0;1;Santa Cecília;5768;5631;137;0;-137;137
24;0;1;Santana;20726;20592;134;3;-131;134
25;1;1;Azenha;13806;13672;134;0;0;0
25;1;1;Bom Fim;11568;11414;154;0;0;0
25;1;1;Centro;39171;39048;123;0;0;0
25;1;1;Cidade Baixa;15375;15236;139;0;0;0
25;1;1;Farroupilha;940;792;148;0;0;0
25;1;1;Floresta;11608;11476;132;0;0;0
25;1;1;Independência;8094;7946;148;0;0;0
25;1;1;Menino Deus;31660;31531;129;0;0;0
25;1;1;Moinhos de Vento;11949;11820;129;0;0;0
25;1;1;Praia de Belas;2295;2174;121;0;0;0
25;1;1;Rio Branco;17529;17387;142;0;0;0
25;1;1;Santa Cecília;5768;5631;137;0;0;0
25;1;1;Santana;20726;20592;134;0;0;0
26;2;1;Azenha;13806;13672;134;0;0;0
26;2;1;Bom Fim;11568;11414;154;0;0;0
26;2;1;Centro;39171;39048;123;0;0;0
26;2;1;Cidade Baixa;15375;15236;139;0;0;0
26;2;1;Farroupilha;940;792;148;0;0;0
26;2;1;Floresta;11608;11476;132;0;0;0
26;2;1;Independência;8094;7946;148;0;0;0
26;2;1;Menino Deus;31660;31531;129;0;0;0
26;2;1;Moinhos de Vento;11949;11820;129;0;0;0
26;2;1;Praia de Belas;2295;2174;121;0;0;0
26;2;1;Rio Branco;17529;17387;142;0;0;0
26;2;1;Santa Cecília;5768;5631;137;0;0;0
26;2;1;Santana;20726;20592;134;0;0;0
27;3;1;Azenha;13806;13672;134;0;0;0
27;3;1;Bom Fim;11568;11414;154;0;0;0
27;3;1;Centro;39171;39048;123;0;0;0
27;3;1;Cidade Baixa;15375;15236;139;0;0;0
27;3;1;Farroupilha;940;792;148;0;0;0
27;3;1;Floresta;11608;11476;132;0;0;0
27;3;1;Independência;8094;7946;148;0;0;0
27;3;1;Menino Deus;31660;31531;129;0;0;0
27;3;1;Moinhos de Vento;11949;11820;129;0;0;0
27;3;1;Praia de Belas;2295;2174;121;0;0;0
27;3;1;Rio Branco;17529;17387;142;0;0;0
27;3;1;Santa Cecília;5768;5631;137;0;0;0
27;3;1;Santana;20726;20592;134;0;0;0
28;4;1;Azenha;13804;13536;268;-2;-136;134
28;4;1;Bom Fim;11540;11232;308;-28;-182;154
28;4;1;Centro;39185;38939;246;14;-109;123
28;4;1;Cidade Baixa;15369;15091;278;-6;-145;139
28;4;1;Farroupilha;980;684;296;40;-108;148
28;4;1;Floresta;11618;11354;264;10;-122;132
28;4;1;Independência;8073;7777;296;-21;-169;148
28;4;1;Menino Deus;31667;31409;258;7;-122;129
28;4;1;Moinhos de Vento;11953;11701;252;4;-119;123
28;4;1;Praia de Belas;2303;2066;237;8;-108;116
28;4;1;Rio Branco;17518;17241;277;-11;-146;135
28;4;1;Santa Cecília;5759;5490;269;-9;-141;132
28;4;1;Santana;20720;20457;263;-6;-135;129
29;5;1;Azenha;13804;13536;268;0;0;0
29;5;1;Bom Fim;11540;11232;308;0;0;0
29;5;1;Centro;39185;38939;246;0;0;0
29;5;1;Cidade Baixa;15369;15091;278;0;0;0
29;5;1;Farroupilha;980;684;296;0;0;0
29;5;1;Floresta;11618;11354;264;0;0;0
29;5;1;Independência;8073;7777;296;0;0;0
29;5;1;Menino Deus;31667;31409;258;0;0;0
29;5;1;Moinhos de Vento;11953;11701;252;0;0;0
29;5;1;Praia de Belas;2303;2066;237;0;0;0
29;5;1;Rio Branco;17518;17241;277;0;0;0
29;5;1;Santa Cecília;5759;5490;269;0;0;0
29;5;1;Santana;20720;20457;263;0;0;0
30;6;1;Azenha;13804;13536;268;0;0;0
30;6;1;Bom Fim;11540;11232;308;0;0;0
30;6;1;Centro;39185;38939;246;0;0;0
30;6;1;Cidade Baixa;15369;15091;278;0;0;0
30;6;1;Farroupilha;980;684;296;0;0;0
30;6;1;Floresta;11618;11354;264;0;0;0
30;6;1;Independência;8073;7777;296;0;0;0
30;6;1;Menino Deus;31667;31409;258;0;0;0
30;6;1;Moinhos de Vento;11953;11701;252;0;0;0
30;6;1;Praia de Belas;2303;2066;237;0;0;0
30;6;1;Rio Branco;17518;17241;277;0;0;0
30;6;1;Santa Cecília;5759;5490;269;0;0;0
30;6;1;Santana;20720;20457;263;0;0;0
31;7;1;Azenha;13802;13500;302;-2;-36;34
31;7;1;Bom Fim;11527;11194;333;-13;-38;25
31;7;1;Centro;39250;38920;330;65;-19;84
31;7;1;Cidade Baixa;15378;15058;320;9;-33;42
31;7;1;Farroupilha;939;642;297;-41;-42;1
31;7;1;Floresta;11609;11326;283;-9;-28;19
31;7;1;Independência;8047;7739;308;-26;-38;12
31;7;1;Menino Deus;31718;31384;334;51;-25;76
31;7;1;Moinhos de Vento;11954;11676;278;1;-25;26
31;7;1;Praia de Belas;2270;2032;238;-33;-34;1
31;7;1;Rio Branco;17535;17214;321;17;-27;44
31;7;1;Santa Cecília;5729;5455;274;-30;-35;5
31;7;1;Santana;20731;20428;303;11;-29;40
32;8;1;Azenha;13773;13330;443;-29;-170;141
32;8;1;Bom Fim;11460;10970;490;-67;-224;157
32;8;1;Centro;39275;38791;484;25;-129;154
32;8;1;Cidade Baixa;15332;14873;459;-46;-185;139
32;8;1;Farroupilha;1128;582;546;189;-60;249
32;8;1;Floresta;11622;11182;440;13;-144;157
32;8;1;Independência;7994;7535;459;-53;-204;151
32;8;1;Menino Deus;31753;31240;513;35;-144;179
32;8;1;Moinhos de Vento;11944;11532;412;-10;-144;134
32;8;1;Praia de Belas;2252;1896;356;-18;-136;118
32;8;1;Rio Branco;17515;17041;474;-20;-173;153
32;8;1;Santa Cecília;5695;5281;414;-34;-174;140
32;8;1;Santana;20746;20265;481;15;-163;178
33;9;1;Azenha;13789;13325;464;16;-5;21
33;9;1;Bom Fim;11456;10954;502;-4;-16;12
33;9;1;Centro;39293;38782;511;18;-9;27
33;9;1;Cidade Baixa;15355;14863;492;23;-10;33
33;9;1;Farroupilha;1094;545;549;-34;-37;3
33;9;1;Floresta;11609;11170;439;-13;-12;-1
33;9;1;Independência;8001;7525;476;7;-10;17
33;9;1;Menino Deus;31739;31229;510;-14;-11;-3
33;9;1;Moinhos de Vento;11944;11523;421;0;-9;9
33;9;1;Praia de Belas;2242;1884;358;-10;-12;2
33;9;1;Rio Branco;17538;17032;506;23;-9;32
33;9;1;Santa Cecília;5683;5269;414;-12;-12;0
33;9;1;Santana;20746;20256;490;0;-9;9
34;10;1;Azenha;13799;13316;483;10;-9;19
34;10;1;Bom Fim;11458;10941;517;2;-13;15
34;10;1;Centro;39346;38779;567;53;-3;56
34;10;1;Cidade Baixa;15342;14847;495;-13;-16;3
34;10;1;Farroupilha;1063;512;551;-31;-33;2
34;10;1;Floresta;11603;11158;445;-6;-12;6
34;10;1;Independência;7991;7507;484;-10;-18;8
34;10;1;Menino Deus;31736;31221;515;-3;-8;5
34;10;1;Moinhos de Vento;11953;11513;440;9;-10;19
34;10;1;Praia de Belas;2233;1876;357;-9;-8;-1
34;10;1;Rio Branco;17542;17020;522;4;-12;16
34;10;1;Santa Cecília;5684;5261;423;1;-8;9
34;10;1;Santana;20739;20247;492;-7;-9;2
35;11;1;Azenha;13778;13321;457;-21;5;-26
35;11;1;Bom Fim;11456;10957;499;-2;16;-18
35;11;1;Centro;39293;38787;506;-53;8;-61
35;11;1;Cidade Baixa;15334;14856;478;-8;9;-17
35;11;1;Farroupilha;1063;511;552;0;-1;1
35;11;1;Floresta;11622;11173;449;19;15;4
35;11;1;Independência;8000;7525;475;9;18;-9
35;11;1;Menino Deus;31761;31234;527;25;13;12
35;11;1;Moinhos de Vento;11955;11525;430;2;12;-10
35;11;1;Praia de Belas;2246;1888;358;13;12;1
35;11;1;Rio Branco;17524;17030;494;-18;10;-28
35;11;1;Santa Cecília;5688;5271;417;4;10;-6
35;11;1;Santana;20769;20261;508;30;14;16
36;12;1;Azenha;13766;13172;594;-12;-149;137
36;12;1;Bom Fim;11406;10746;660;-50;-211;161
36;12;1;Centro;39304;38667;637;11;-120;131
36;12;1;Cidade Baixa;15334;14689;645;0;-167;167
36;12;1;Farroupilha;1186;405;781;123;-106;229
36;12;1;Floresta;11618;11040;578;-4;-133;129
36;12;1;Independência;7968;7341;627;-32;-184;152
36;12;1;Menino Deus;31749;31103;646;-12;-131;119
36;12;1;Moinhos de Vento;11951;11395;556;-4;-130;126
36;12;1;Praia de Belas;2249;1774;475;3;-114;117
36;12;1;Rio Branco;17534;16871;663;10;-159;169
36;12;1;Santa Cecília;5662;5114;548;-26;-157;131
36;12;1;Santana;20762;20113;649;-7;-148;141
37;13;1;Azenha;13783;13158;625;17;-14;31
37;13;1;Bom Fim;11427;10729;698;21;-17;38
37;13;1;Centro;39389;38660;729;85;-7;92
37;13;1;Cidade Baixa;15307;14666;641;-27;-23;-4
37;13;1;Farroupilha;1151;368;783;-35;-37;2
37;13;1;Floresta;11611;11022;589;-7;-18;11
37;13;1;Independência;7944;7315;629;-24;-26;2
37;13;1;Menino Deus;31773;31090;683;24;-13;37
37;13;1;Moinhos de Vento;11964;11383;581;13;-12;25
37;13;1;Praia de Belas;2231;1756;475;-18;-18;0
37;13;1;Rio Branco;17520;16853;667;-14;-18;4
37;13;1;Santa Cecília;5656;5100;556;-6;-14;8
37;13;1;Santana;20733;20094;639;-29;-19;-10
38;14;1;Azenha;13785;13151;634;2;-7;9
38;14;1;Bom Fim;11413;10722;691;-14;-7;-7
38;14;1;Centro;39338;38650;688;-51;-10;-41
38;14;1;Cidade Baixa;15309;14664;645;2;-2;4
38;14;1;Farroupilha;1132;347;785;-19;-21;2
38;14;1;Floresta;11634;11024;610;23;2;21
38;14;1;Independência;7953;7312;641;9;-3;12
38;14;1;Menino Deus;31784;31089;695;11;-1;12
38;14;1;Moinhos de Vento;11951;11379;572;-13;-4;-9
38;14;1;Praia de Belas;2228;1752;476;-3;-4;1
38;14;1;Rio Branco;17539;16852;687;19;-1;20
38;14;1;Santa Cecília;5653;5093;560;-3;-7;4
38;14;1;Santana;20770;20091;679;37;-3;40
39;15;1;Azenha;13766;13130;636;-19;-21;2
39;15;1;Bom Fim;11397;10692;705;-16;-30;14
39;15;1;Centro;39457;38641;816;119;-9;128
39;15;1;Cidade Baixa;15335;14638;697;26;-26;52
39;15;1;Farroupilha;1107;320;787;-25;-27;2
39;15;1;Floresta;11601;10998;603;-33;-26;-7
39;15;1;Independência;7949;7290;659;-4;-22;18
39;15;1;Menino Deus;31766;31068;698;-18;-21;3
39;15;1;Moinhos de Vento;11962;11364;598;11;-15;26
39;15;1;Praia de Belas;2208;1730;478;-20;-22;2
39;15;1;Rio Branco;17527;16830;697;-12;-22;10
39;15;1;Santa Cecília;5641;5074;567;-12;-19;7
39;15;1;Santana;20773;20072;701;3;-19;22
40;16;1;Azenha;13738;12955;783;-28;-175;147
40;16;1;Bom Fim;11320;10454;866;-77;-238;161
40;16;1;Centro;39394;38496;898;-63;-145;82
40;16;1;Cidade Baixa;15296;14453;843;-39;-185;146
40;16;1;Farroupilha;1359;319;1040;252;-1;253
40;16;1;Floresta;11609;10846;763;8;-152;160
40;16;1;Independência;7900;7077;823;-49;-213;164
40;16;1;Menino Deus;31837;30924;913;71;-144;215
40;16;1;Moinhos de Vento;11975;11216;759;13;-148;161
40;16;1;Praia de Belas;2188;1586;602;-20;-144;124
40;16;1;Rio Branco;17519;16650;869;-8;-180;172
40;16;1;Santa Cecília;5608;4899;709;-33;-175;142
40;16;1;Santana;20746;19896;850;-27;-176;149
41;17;1;Azenha;13744;12974;770;6;19;-13
41;17;1;Bom Fim;11355;10473;882;35;19;16
41;17;1;Centro;39428;38508;920;34;12;22
41;17;1;Cidade Baixa;15290;14464;826;-6;11;-17
41;17;1;Farroupilha;1357;317;1040;-2;-2;0
41;17;1;Floresta;11609;10855;754;0;9;-9
41;17;1;Independência;7902;7090;812;2;13;-11
41;17;1;Menino Deus;31787;30929;858;-50;5;-55
41;17;1;Moinhos de Vento;11969;11226;743;-6;10;-16
41;17;1;Praia de Belas;2203;1601;602;15;15;0
41;17;1;Rio Branco;17491;16658;833;-28;8;-36
41;17;1;Santa Cecília;5617;4913;704;9;14;-5
41;17;1;Santana;20737;19909;828;-9;13;-22
42;18;1;Azenha;13773;12991;782;29;17;12
42;18;1;Bom Fim;11341;10490;851;-14;17;-31
42;18;1;Centro;39360;38519;841;-68;11;-79
42;18;1;Cidade Baixa;15272;14483;789;-18;19;-37
42;18;1;Farroupilha;1354;314;1040;-3;-3;0
42;18;1;Floresta;11612;10872;740;3;17;-14
42;18;1;Independência;7908;7113;795;6;23;-17
42;18;1;Menino Deus;31784;30940;844;-3;11;-14
42;18;1;Moinhos de Vento;11959;11240;719;-10;14;-24
42;18;1;Praia de Belas;2220;1618;602;17;17;0
42;18;1;Rio Branco;17524;16678;846;33;20;13
42;18;1;Santa Cecília;5635;4926;709;18;13;5
42;18;1;Santana;20747;19922;825;10;13;-3
43;19;1;Azenha;13772;13013;759;-1;22;-23
43;19;1;Bom Fim;11355;10512;843;14;22;-8
43;19;1;Centro;39332;38531;801;-28;12;-40
43;19;1;Cidade Baixa;15271;14500;771;-1;17;-18
43;19;1;Farroupilha;1354;313;1041;0;-1;1
43;19;1;Floresta;11617;10890;727;5;18;-13
43;19;1;Independência;7922;7136;786;14;23;-9
43;19;1;Menino Deus;31784;30957;827;0;17;-17
43;19;1;Moinhos de Vento;11971;11256;715;12;16;-4
43;19;1;Praia de Belas;2235;1635;600;15;17;-2
43;19;1;Rio Branco;17508;16695;813;-16;17;-33
43;19;1;Santa Cecília;5654;4954;700;19;28;-9
43;19;1;Santana;20714;19939;775;-33;17;-50
44;20;1;Azenha;13768;12884;884;-4;-129;125
44;20;1;Bom Fim;11286;10313;973;-69;-199;130
44;20;1;Centro;39309;38419;890;-23;-112;89
44;20;1;Cidade Baixa;15261;14351;910;-10;-149;139
44;20;1;Farroupilha;1601;309;1292;247;-4;251
44;20;1;Floresta;11614;10760;854;-3;-130;127
44;20;1;Independência;7895;6964;931;-27;-172;145
44;20;1;Menino Deus;31716;30831;885;-68;-126;58
44;20;1;Moinhos de Vento;11963;11131;832;-8;-125;117
44;20;1;Praia de Belas;2246;1531;715;11;-104;115
44;20;1;Rio Branco;17487;16545;942;-21;-150;129
44;20;1;Santa Cecília;5631;4806;825;-23;-148;125
44;20;1;Santana;20712;19800;912;-2;-139;137
45;21;1;Azenha;13752;12899;853;-16;15;-31
45;21;1;Bom Fim;11307;10336;971;21;23;-2
45;21;1;Centro;39304;38429;875;-5;10;-15
45;21;1;Cidade Baixa;15252;14362;890;-9;11;-20
45;21;1;Farroupilha;1600;309;1291;-1;0;-1
45;21;1;Floresta;11615;10772;843;1;12;-11
45;21;1;Independência;7897;6979;918;2;15;-13
45;21;1;Menino Deus;31723;30845;878;7;14;-7
45;21;1;Moinhos de Vento;11958;11142;816;-5;11;-16
45;21;1;Praia de Belas;2260;1545;715;14;14;0
45;21;1;Rio Branco;17471;16557;914;-16;12;-28
45;21;1;Santa Cecília;5649;4825;824;18;19;-1
45;21;1;Santana;20701;19813;888;-11;13;-24
46;22;1;Azenha;13770;12943;827;18;44;-26
46;22;1;Bom Fim;11320;10386;934;13;50;-37
46;22;1;Centro;39218;38451;767;-86;22;-108
46;22;1;Cidade Baixa;15261;14407;854;9;45;-36
46;22;1;Farroupilha;1631;344;1287;31;35;-4
46;22;1;Floresta;11616;10805;811;1;33;-32
46;22;1;Independência;7930;7028;902;33;49;-16
46;22;1;Menino Deus;31669;30872;797;-54;27;-81
46;22;1;Moinhos de Vento;11968;11175;793;10;33;-23
46;22;1;Praia de Belas;2296;1583;713;36;38;-2
46;22;1;Rio Branco;17455;16591;864;-16;34;-50
46;22;1;Santa Cecília;5681;4867;814;32;42;-10
46;22;1;Santana;20674;19845;829;-27;32;-59
47;23;1;Azenha;13804;13804;0;34;861;-827
47;23;1;Bom Fim;11593;11593;0;273;1207;-934
47;23;1;Centro;39154;39154;0;-64;703;-767
47;23;1;Cidade Baixa;15379;15379;0;118;972;-854
47;23;1;Farroupilha;961;961;0;-670;617;-1287
47;23;1;Floresta;11596;11596;0;-20;791;-811
47;23;1;Independência;8112;8112;0;182;1084;-902
47;23;1;Menino Deus;31650;31650;0;-19;778;-797
47;23;1;Moinhos de Vento;11937;11937;0;-31;762;-793
47;23;1;Praia de Belas;2281;2281;0;-15;698;-713
47;23;1;Rio Branco;17531;17531;0;76;940;-864
47;23;1;Santa Cecília;5768;5768;0;87;901;-814
47;23;1;Santana;20723;20723;0;49;878;-829
48;0;2;Azenha;13806;13672;134;2;-132;134
48;0;2;Bom Fim;11568;11414;154;-25;-179;154
48;0;2;Centro;39171;39048;123;17;-106;123
48;0;2;Cidade Baixa;15375;15236;139;-4;-143;139
48;0;2;Farroupilha;940;792;148;-21;-169;148
48;0;2;Floresta;11608;11476;132;12;-120;132
48;0;2;Independência;8094;7946;148;-18;-166;148
48;0;2;Menino Deus;31660;31531;129;10;-119;129
48;0;2;Moinhos de Vento;11949;11820;129;12;-117;129
48;0;2;Praia de Belas;2295;2174;121;14;-107;121
48;0;2;Rio Branco;17529;17387;142;-2;-144;142
48;0;2;Santa Cecília;5768;5631;137;0;-137;137
48;0;2;Santana;20726;20592;134;3;-131;134
49;1;2;Azenha;13806;13672;134;0;0;0
49;1;2;Bom Fim;11568;11414;154;0;0;0
49;1;2;Centro;39171;39048;123;0;0;0
49;1;2;Cidade Baixa;15375;15236;139;0;0;0
49;1;2;Farroupilha;940;792;148;0;0;0
49;1;2;Floresta;11608;11476;132;0;0;0
49;1;2;Independência;8094;7946;148;0;0;0
49;1;2;Menino Deus;31660;31531;129;0;0;0
49;1;2;Moinhos de Vento;11949;11820;129;0;0;0
49;1;2;Praia de Belas;2295;2174;121;0;0;0
49;1;2;Rio Branco;17529;17387;142;0;0;0
49;1;2;Santa Cecília;5768;5631;137;0;0;0
49;1;2;Santana;20726;20592;134;0;0;0
50;2;2;Azenha;13806;13672;134;0;0;0
50;2;2;Bom Fim;11568;11414;154;0;0;0
50;2;2;Centro;39171;39048;123;0;0;0
50;2;2;Cidade Baixa;15375;15236;139;0;0;0
50;2;2;Farroupilha;940;792;148;0;0;0
50;2;2;Floresta;11608;11476;132;0;0;0
50;2;2;Independência;8094;7946;148;0;0;0
50;2;2;Menino Deus;31660;31531;129;0;0;0
50;2;2;Moinhos de Vento;11949;11820;129;0;0;0
50;2;2;Praia de Belas;2295;2174;121;0;0;0
50;2;2;Rio Branco;17529;17387;142;0;0;0
50;2;2;Santa Cecília;5768;5631;137;0;0;0
50;2;2;Santana;20726;20592;134;0;0;0
51;3;2;Azenha;13806;13672;134;0;0;0
51;3;2;Bom Fim;11568;11414;154;0;0;0
51;3;2;Centro;39171;39048;123;0;0;0
51;3;2;Cidade Baixa;15375;15236;139;0;0;0
51;3;2;Farroupilha;940;792;148;0;0;0
51;3;2;Floresta;11608;11476;132;0;0;0
51;3;2;Independência;8094;7946;148;0;0;0
51;3;2;Menino Deus;31660;31531;129;0;0;0
51;3;2;Moinhos de Vento;11949;11820;129;0;0;0
51;3;2;Praia de Belas;2295;2174;121;0;0;0
51;3;2;Rio Branco;17529;17387;142;0;0;0
51;3;2;Santa Cecília;5768;5631;137;0;0;0
51;3;2;Santana;20726;20592;134;0;0;0
52;4;2;Azenha;13804;13536;268;-2;-136;134
52;4;2;Bom Fim;11540;11232;308;-28;-182;154
52;4;2;Centro;39185;38939;246;14;-109;123
52;4;2;Cidade Baixa;15369;15091;278;-6;-145;139
52;4;2;Farroupilha;980;684;296;40;-108;148
52;4;2;Floresta;11618;11354;264;10;-122;132
52;4;2;Independência;8073;7777;296;-21;-169;148
52;4;2;Menino Deus;31667;31409;258;7;-122;129
52;4;2;Moinhos de Vento;11953;11701;252;4;-119;123
52;4;2;Praia de Belas;2303;2066;237;8;-108;116
52;4;2;Rio Branco;17518;17241;277;-11;-146;135
52;4;2;Santa Cecília;5759;5490;269;-9;-141;132
52;4;2;Santana;20720;20457;263;-6;-135;129
53;5;2;Azenha;13804;13536;268;0;0;0
53;5;2;Bom Fim;11540;11232;308;0;0;0
53;5;2;Centro;39185;38939;246;0;0;0
53;5;2;Cidade Baixa;15369;15091;278;0;0;0
53;5;2;Farroupilha;980;684;296;0;0;0
53;5;2;Floresta;11618;11354;264;0;0;0
53;5;2;Independência;8073;7777;296;0;0;0
53;5;2;Menino Deus;31667;31409;258;0;0;0
53;5;2;Moinhos de Vento;11953;11701;252;0;0;0
53;5;2;Praia de Belas;2303;2066;237;0;0;0
53;5;2;Rio Branco;17518;17241;277;0;0;0
53;5;2;Santa Cecília;5759;5490;269;0;0;0
53;5;2;Santana;20720;20457;263;0;0;0
54;6;2;Azenha;13804;13536;268;0;0;0
54;6;2;Bom Fim;11540;11232;308;0;0;0
54;6;2;Centro;39185;38939;246;0;0;0
54;6;2;Cidade Baixa;15369;15091;278;0;0;0
54;6;2;Farroupilha;980;684;296;0;0;0
54;6;2;Floresta;11618;11354;264;0;0;0
54;6;2;Independência;8073;7777;296;0;0;0
54;6;2;Menino Deus;31667;31409;258;0;0;0
54;6;2;Moinhos de Vento;11953;11701;252;0;0;0
54;6;2;Praia de Belas;2303;2066;237;0;0;0
54;6;2;Rio Branco;17518;17241;277;0;0;0
54;6;2;Santa Cecília;5759;5490;269;0;0;0
54;6;2;Santana;20720;20457;263;0;0;0
55;7;2;Azenha;13802;13500;302;-2;-36;34
55;7;2;Bom Fim;11527;11194;333;-13;-38;25
55;7;2;Centro;39250;38920;330;65;-19;84
55;7;2;Cidade Baixa;15378;15058;320;9;-33;42
55;7;2;Farroupilha;939;642;297;-41;-42;1
55;7;2;Floresta;11609;11326;283;-9;-28;19
55;7;2;Independência;8047;7739;308;-26;-38;12
55;7;2;Menino Deus;31718;31384;334;51;-25;76
55;7;2;Moinhos de Vento;11954;11676;278;1;-25;26
55;7;2;Praia de Belas;2270;2032;238;-33;-34;1
55;7;2;Rio Branco;17535;17214;321;17;-27;44
55;7;2;Santa Cecília;5729;5455;274;-30;-35;5
55;7;2;Santana;20731;20428;303;11;-29;40
56;8;2;Azenha;13773;13330;443;-29;-170;141
56;8;2;Bom Fim;11460;10970;490;-67;-224;157
56;8;2;Centro;39277;38793;484;27;-127;154
56;8;2;Cidade Baixa;15331;14873;458;-47;-185;138
56;8;2;Farroupilha;1129;584;545;190;-58;248
56;8;2;Floresta;11622;11182;440;13;-144;157
56;8;2;Independência;7993;7534;459;-54;-205;151
56;8;2;Menino Deus;31757;31241;516;39;-143;182
56;8;2;Moinhos de Vento;11943;11532;411;-11;-144;133
56;8;2;Praia de Belas;2247;1896;351;-23;-136;113
56;8;2;Rio Branco;17515;17041;474;-20;-173;153
56;8;2;Santa Cecília;5695;5281;414;-34;-174;140
56;8;2;Santana;20747;20266;481;16;-162;178
57;9;2;Azenha;13790;13326;464;17;-4;21
57;9;2;Bom Fim;11456;10954;502;-4;-16;12
57;9;2;Centro;39295;38784;511;18;-9;27
57;9;2;Cidade Baixa;15355;14864;491;24;-9;33
57;9;2;Farroupilha;1095;547;548;-34;-37;3
57;9;2;Floresta;11609;11170;439;-13;-12;-1
57;9;2;Independência;8000;7524;476;7;-10;17
57;9;2;Menino Deus;31741;31230;511;-16;-11;-5
57;9;2;Moinhos de Vento;11943;11523;420;0;-9;9
57;9;2;Praia de Belas;2237;1884;353;-10;-12;2
57;9;2;Rio Branco;17538;17032;506;23;-9;32
57;9;2;Santa Cecília;5683;5269;414;-12;-12;0
57;9;2;Santana;20747;20257;490;0;-9;9
58;10;2;Azenha;13800;13317;483;10;-9;19
58;10;2;Bom Fim;11458;10941;517;2;-13;15
58;10;2;Centro;39348;38781;567;53;-3;56
58;10;2;Cidade Baixa;15342;14848;494;-13;-16;3
58;10;2;Farroupilha;1064;514;550;-31;-33;2
58;10;2;Floresta;11603;11158;445;-6;-12;6
58;10;2;Independência;7991;7507;484;-9;-17;8
58;10;2;Menino Deus;31736;31222;514;-5;-8;3
58;10;2;Moinhos de Vento;11952;11513;439;9;-10;19
58;10;2;Praia de Belas;2228;1876;352;-9;-8;-1
58;10;2;Rio Branco;17543;17021;522;5;-11;16
58;10;2;Santa Cecília;5684;5261;423;1;-8;9
58;10;2;Santana;20740;20248;492;-7;-9;2
59;11;2;Azenha;13779;13322;457;-21;5;-26
59;11;2;Bom Fim;11456;10957;499;-2;16;-18
59;11;2;Centro;39295;38789;506;-53;8;-61
59;11;2;Cidade Baixa;15334;14857;477;-8;9;-17
59;11;2;Farroupilha;1062;511;551;-2;-3;1
59;11;2;Floresta;11622;11173;449;19;15;4
59;11;2;Independência;8000;7525;475;9;18;-9
59;11;2;Menino Deus;31762;31235;527;26;13;13
59;11;2;Moinhos de Vento;11955;11525;430;3;12;-9
59;11;2;Praia de Belas;2241;1888;353;13;12;1
59;11;2;Rio Branco;17525;17031;494;-18;10;-28
59;11;2;Santa Cecília;5688;5271;417;4;10;-6
59;11;2;Santana;20770;20262;508;30;14;16
60;12;2;Azenha;13767;13173;594;-12;-149;137
60;12;2;Bom Fim;11406;10746;660;-50;-211;161
60;12;2;Centro;39307;38670;637;12;-119;131
60;12;2;Cidade Baixa;15335;14691;644;1;-166;167
60;12;2;Farroupilha;1176;403;773;114;-108;222
60;12;2;Floresta;11619;11040;579;-3;-133;130
60;12;2;Independência;7968;7341;627;-32;-184;152
60;12;2;Menino Deus;31751;31105;646;-11;-130;119
60;12;2;Moinhos de Vento;11951;11395;556;-4;-130;126
60;12;2;Praia de Belas;2240;1774;466;-1;-114;113
60;12;2;Rio Branco;17536;16873;663;11;-158;169
60;12;2;Santa Cecília;5671;5114;557;-17;-157;140
60;12;2;Santana;20762;20113;649;-8;-149;141
61;13;2;Azenha;13784;13159;625;17;-14;31
61;13;2;Bom Fim;11427;10729;698;21;-17;38
61;13;2;Centro;39392;38663;729;85;-7;92
61;13;2;Cidade Baixa;15308;14668;640;-27;-23;-4
61;13;2;Farroupilha;1141;366;775;-35;-37;2
61;13;2;Floresta;11612;11022;590;-7;-18;11
61;13;2;Independência;7944;7315;629;-24;-26;2
61;13;2;Menino Deus;31775;31092;683;24;-13;37
61;13;2;Moinhos de Vento;11964;11383;581;13;-12;25
61;13;2;Praia de Belas;2222;1756;466;-18;-18;0
61;13;2;Rio Branco;17522;16855;667;-14;-18;4
61;13;2;Santa Cecília;5665;5100;565;-6;-14;8
61;13;2;Santana;20733;20094;639;-29;-19;-10
62;14;2;Azenha;13786;13152;634;2;-7;9
62;14;2;Bom Fim;11413;10722;691;-14;-7;-7
62;14;2;Centro;39341;38653;688;-51;-10;-41
62;14;2;Cidade Baixa;15310;14666;644;2;-2;4
62;14;2;Farroupilha;1122;345;777;-19;-21;2
62;14;2;Floresta;11635;11024;611;23;2;21
62;14;2;Independência;7953;7312;641;9;-3;12
62;14;2;Menino Deus;31786;31091;695;11;-1;12
62;14;2;Moinhos de Vento;11951;11379;572;-13;-4;-9
62;14;2;Praia de Belas;2219;1752;467;-3;-4;1
62;14;2;Rio Branco;17541;16854;687;19;-1;20
62;14;2;Santa Cecília;5662;5093;569;-3;-7;4
62;14;2;Santana;20770;20091;679;37;-3;40
63;15;2;Azenha;13767;13131;636;-19;-21;2
63;15;2;Bom Fim;11397;10692;705;-16;-30;14
63;15;2;Centro;39459;38643;816;118;-10;128
63;15;2;Cidade Baixa;15328;14640;688;18;-26;44
63;15;2;Farroupilha;1107;327;780;-15;-18;3
63;15;2;Floresta;11601;10998;603;-34;-26;-8
63;15;2;Independência;7948;7289;659;-5;-23;18
63;15;2;Menino Deus;31768;31070;698;-18;-21;3
63;15;2;Moinhos de Vento;11962;11364;598;11;-15;26
63;15;2;Praia de Belas;2200;1730;470;-19;-22;3
63;15;2;Rio Branco;17529;16832;697;-12;-22;10
63;15;2;Santa Cecília;5650;5074;576;-12;-19;7
63;15;2;Santana;20773;20072;701;3;-19;22
64;16;2;Azenha;13739;12956;783;-28;-175;147
64;16;2;Bom Fim;11320;10454;866;-77;-238;161
64;16;2;Centro;39396;38498;898;-63;-145;82
64;16;2;Cidade Baixa;15289;14455;834;-39;-185;146
64;16;2;Farroupilha;1359;326;1033;252;-1;253
64;16;2;Floresta;11609;10846;763;8;-152;160
64;16;2;Independência;7899;7076;823;-49;-213;164
64;16;2;Menino Deus;31839;30926;913;71;-144;215
64;16;2;Moinhos de Vento;11975;11216;759;13;-148;161
64;16;2;Praia de Belas;2180;1586;594;-20;-144;124
64;16;2;Rio Branco;17521;16652;869;-8;-180;172
64;16;2;Santa Cecília;5616;4899;717;-34;-175;141
64;16;2;Santana;20747;19897;850;-26;-175;149
65;17;2;Azenha;13745;12975;770;6;19;-13
65;17;2;Bom Fim;11355;10473;882;35;19;16
65;17;2;Centro;39430;38510;920;34;12;22
65;17;2;Cidade Baixa;15283;14466;817;-6;11;-17
65;17;2;Farroupilha;1357;324;1033;-2;-2;0
65;17;2;Floresta;11609;10855;754;0;9;-9
65;17;2;Independência;7901;7089;812;2;13;-11
65;17;2;Menino Deus;31789;30931;858;-50;5;-55
65;17;2;Moinhos de Vento;11969;11226;743;-6;10;-16
65;17;2;Praia de Belas;2195;1601;594;15;15;0
65;17;2;Rio Branco;17493;16660;833;-28;8;-36
65;17;2;Santa Cecília;5625;4913;712;9;14;-5
65;17;2;Santana;20738;19910;828;-9;13;-22
66;18;2;Azenha;13774;12992;782;29;17;12
66;18;2;Bom Fim;11341;10490;851;-14;17;-31
66;18;2;Centro;39362;38521;841;-68;11;-79
66;18;2;Cidade Baixa;15266;14485;781;-17;19;-36
66;18;2;Farroupilha;1354;321;1033;-3;-3;0
66;18;2;Floresta;11612;10872;740;3;17;-14
66;18;2;Independência;7907;7112;795;6;23;-17
66;18;2;Menino Deus;31786;30942;844;-3;11;-14
66;18;2;Moinhos de Vento;11959;11240;719;-10;14;-24
66;18;2;Praia de Belas;2213;1618;595;18;17;1
66;18;2;Rio Branco;17525;16680;845;32;20;12
66;18;2;Santa Cecília;5643;4926;717;18;13;5
66;18;2;Santana;20747;19922;825;9;12;-3
67;19;2;Azenha;13773;13014;759;-1;22;-23
67;19;2;Bom Fim;11355;10512;843;14;22;-8
67;19;2;Centro;39334;38533;801;-28;12;-40
67;19;2;Cidade Baixa;15266;14502;764;0;17;-17
67;19;2;Farroupilha;1354;320;1034;0;-1;1
67;19;2;Floresta;11617;10890;727;5;18;-13
67;19;2;Independência;7921;7135;786;14;23;-9
67;19;2;Menino Deus;31785;30959;826;-1;17;-18
67;19;2;Moinhos de Vento;11971;11256;715;12;16;-4
67;19;2;Praia de Belas;2228;1635;593;15;17;-2
67;19;2;Rio Branco;17509;16697;812;-16;17;-33
67;19;2;Santa Cecília;5662;4954;708;19;28;-9
67;19;2;Santana;20714;19939;775;-33;17;-50
68;20;2;Azenha;13768;12884;884;-5;-130;125
68;20;2;Bom Fim;11286;10313;973;-69;-199;130
68;20;2;Centro;39311;38421;890;-23;-112;89
68;20;2;Cidade Baixa;15256;14353;903;-10;-149;139
68;20;2;Farroupilha;1601;316;1285;247;-4;251
68;20;2;Floresta;11614;10760;854;-3;-130;127
68;20;2;Independência;7894;6963;931;-27;-172;145
68;20;2;Menino Deus;31717;30833;884;-68;-126;58
68;20;2;Moinhos de Vento;11963;11131;832;-8;-125;117
68;20;2;Praia de Belas;2240;1531;709;12;-104;116
68;20;2;Rio Branco;17488;16547;941;-21;-150;129
68;20;2;Santa Cecília;5639;4806;833;-23;-148;125
68;20;2;Santana;20712;19800;912;-2;-139;137
69;21;2;Azenha;13752;12899;853;-16;15;-31
69;21;2;Bom Fim;11307;10336;971;21;23;-2
69;21;2;Centro;39306;38431;875;-5;10;-15
69;21;2;Cidade Baixa;15247;14364;883;-9;11;-20
69;21;2;Farroupilha;1600;316;1284;-1;0;-1
69;21;2;Floresta;11615;10772;843;1;12;-11
69;21;2;Independência;7896;6978;918;2;15;-13
69;21;2;Menino Deus;31724;30847;877;7;14;-7
69;21;2;Moinhos de Vento;11958;11142;816;-5;11;-16
69;21;2;Praia de Belas;2254;1545;709;14;14;0
69;21;2;Rio Branco;17472;16559;913;-16;12;-28
69;21;2;Santa Cecília;5657;4825;832;18;19;-1
69;21;2;Santana;20701;19813;888;-11;13;-24
70;22;2;Azenha;13770;12943;827;18;44;-26
70;22;2;Bom Fim;11320;10386;934;13;50;-37
70;22;2;Centro;39220;38453;767;-86;22;-108
70;22;2;Cidade Baixa;15256;14409;847;9;45;-36
70;22;2;Farroupilha;1631;351;1280;31;35;-4
70;22;2;Floresta;11616;10805;811;1;33;-32
70;22;2;Independência;7929;7027;902;33;49;-16
70;22;2;Menino Deus;31670;30874;796;-54;27;-81
70;22;2;Moinhos de Vento;11968;11175;793;10;33;-23
70;22;2;Praia de Belas;2290;1583;707;36;38;-2
70;22;2;Rio Branco;17456;16593;863;-16;34;-50
70;22;2;Santa Cecília;5689;4867;822;32;42;-10
70;22;2;Santana;20674;19845;829;-27;32;-59
71;23;2;Azenha;13804;13804;0;34;861;-827
71;23;2;Bom Fim;11593;11593;0;273;1207;-934
71;23;2;Centro;39154;39154;0;-66;701;-767
71;23;2;Cidade Baixa;15379;15379;0;123;970;-847
71;23;2;Farroupilha;961;961;0;-670;610;-1280
71;23;2;Floresta;11596;11596;0;-20;791;-811
71;23;2;Independência;8112;8112;0;183;1085;-902
71;23;2;Menino Deus;31650;31650;0;-20;776;-796
71;23;2;Moinhos de Vento;11937;11937;0;-31;762;-793
71;23;2;Praia de Belas;2281;2281;0;-9;698;-707
71;23;2;Rio Branco;17531;17531;0;75;938;-863
71;23;2;Santa Cecília;5768;5768;0;79;901;-822
71;23;2;Santana;20723;20723;0;49;878;-829
72;0;3;Azenha;13806;13672;134;2;-132;134
72;0;3;Bom Fim;11568;11414;154;-25;-179;154
72;0;3;Centro;39171;39048;123;17;-106;123
72;0;3;Cidade Baixa;15375;15236;139;-4;-143;139
72;0;3;Farroupilha;940;792;148;-21;-169;148
72;0;3;Floresta;11608;11476;132;12;-120;132
72;0;3;Independência;8094;7946;148;-18;-166;148
72;0;3;Menino Deus;31660;31531;129;10;-119;129
72;0;3;Moinhos de Vento;11949;11820;129;12;-117;129
72;0;3;Praia de Belas;2295;2174;121;14;-107;121
72;0;3;Rio Branco;17529;17387;142;-2;-144;142
72;0;3;Santa Cecília;5768;5631;137;0;-137;137
72;0;3;Santana;20726;20592;134;3;-131;134
73;1;3;Azenha;13806;13672;134;0;0;0
73;1;3;Bom Fim;11568;11414;154;0;0;0
73;1;3;Centro;39171;39048;123;0;0;0
73;1;3;Cidade Baixa;15375;15236;139;0;0;0
73;1;3;Farroupilha;940;792;148;0;0;0
73;1;3;Floresta;11608;11476;132;0;0;0
73;1;3;Independência;8094;7946;148;0;0;0
73;1;3;Menino Deus;31660;31531;129;0;0;0
73;1;3;Moinhos de Vento;11949;11820;129;0;0;0
73;1;3;Praia de Belas;2295;2174;121;0;0;0
73;1;3;Rio Branco;17529;17387;142;0;0;0
73;1;3;Santa Cecília;5768;5631;137;0;0;0
73;1;3;Santana;20726;20592;134;0;0;0
74;2;3;Azenha;13806;13672;134;0;0;0
74;2;3;Bom Fim;11568;11414;154;0;0;0
74;2;3;Centro;39171;39048;123;0;0;0
74;2;3;Cidade Baixa;15375;15236;139;0;0;0
74;2;3;Farroupilha;940;792;148;0;0;0
74;2;3;Floresta;11608;11476;132;0;0;0
74;2;3;Independência;8094;7946;148;0;0;0
74;2;3;Menino Deus;31660;31531;129;0;0;0
74;2;3;Moinhos de Vento;11949;11820;129;0;0;0
74;2;3;Praia de Belas;2295;2174;121;0;0;0
74;2;3;Rio Branco;17529;17387;142;0;0;0
74;2;3;Santa Cecília;5768;5631;137;0;0;0
74;2;3;Santana;20726;20592;134;0;0;0
75;3;3;Azenha;13806;13672;134;0;0;0
75;3;3;Bom Fim;11568;11414;154;0;0;0
75;3;3;Centro;39171;39048;123;0;0;0
75;3;3;Cidade Baixa;15375;15236;139;0;0;0
75;3;3;Farroupilha;940;792;148;0;0;0
75;3;3;Floresta;11608;11476;132;0;0;0
75;3;3;Independência;8094;7946;148;0;0;0
75;3;3;Menino Deus;31660;31531;129;0;0;0
75;3;3;Moinhos de Vento;11949;11820;129;0;0;0
75;3;3;Praia de Belas;2295;2174;121;0;0;0
75;3;3;Rio Branco;17529;17387;142;0;0;0
75;3;3;Santa Cecília;5768;5631;137;0;0;0
75;3;3;Santana;20726;20592;134;0;0;0
76;4;3;Azenha;13804;13536;268;-2;-136;134
76;4;3;Bom Fim;11540;11232;308;-28;-182;154
76;4;3;Centro;39185;38939;246;14;-109;123
76;4;3;Cidade Baixa;15369;15091;278;-6;-145;139
76;4;3;Farroupilha;980;684;296;40;-108;148
76;4;3;Floresta;11618;11354;264;10;-122;132
76;4;3;Independência;8073;7777;296;-21;-169;148
76;4;3;Menino Deus;31667;31409;258;7;-122;129
76;4;3;Moinhos de Vento;11953;11701;252;4;-119;123
76;4;3;Praia de Belas;2303;2066;237;8;-108;116
76;4;3;Rio Branco;17518;17241;277;-11;-146;135
76;4;3;Santa Cecília;5759;5490;269;-9;-141;132
76;4;3;Santana;20720;20457;263;-6;-135;129
77;5;3;Azenha;13804;13536;268;0;0;0
77;5;3;Bom Fim;11540;11232;308;0;0;0
77;5;3;Centro;39185;38939;246;0;0;0
77;5;3;Cidade Baixa;15369;15091;278;0;0;0
77;5;3;Farroupilha;980;684;296;0;0;0
77;5;3;Floresta;11618;11354;264;0;0;0
77;5;3;Independência;8073;7777;296;0;0;0
77;5;3;Menino Deus;31667;31409;258;0;0;0
77;5;3;Moinhos de Vento;11953;11701;252;0;0;0
77;5;3;Praia de Belas;2303;2066;237;0;0;0
77;5;3;Rio Branco;17518;17241;277;0;0;0
77;5;3;Santa Cecília;5759;5490;269;0;0;0
77;5;3;Santana;20720;20457;263;0;0;0
78;6;3;Azenha;13804;13536;268;0;0;0
78;6;3;Bom Fim;11540;11232;308;0;0;0
78;6;3;Centro;39185;38939;246;0;0;0
78;6;3;Cidade Baixa;15369;15091;278;0;0;0
78;6;3;Farroupilha;980;684;296;0;0;0
78;6;3;Floresta;11618;11354;264;0;0;0
78;6;3;Independência;8073;7777;296;0;0;0
78;6;3;Menino Deus;31667;31409;258;0;0;0
78;6;3;Moinhos de Vento;11953;11701;252;0;0;0
78;6;3;Praia de Belas;2303;2066;237;0;0;0
78;6;3;Rio Branco;17518;17241;277;0;0;0
78;6;3;Santa Cecília;5759;5490;269;0;0;0
78;6;3;Santana;20720;20457;263;0;0;0
79;7;3;Azenha;13802;13500;302;-2;-36;34
79;7;3;Bom Fim;11527;11194;333;-13;-38;25
79;7;3;Centro;39250;38920;330;65;-19;84
79;7;3;Cidade Baixa;15378;15058;320;9;-33;42
79;7;3;Farroupilha;939;642;297;-41;-42;1
79;7;3;Floresta;11609;11326;283;-9;-28;19
79;7;3;Independência;8047;7739;308;-26;-38;12
79;7;3;Menino Deus;31718;31384;334;51;-25;76
79;7;3;Moinhos de Vento;11954;11676;278;1;-25;26
79;7;3;Praia de Belas;2270;2032;238;-33;-34;1
79;7;3;Rio Branco;17535;17214;321;17;-27;44
79;7;3;Santa Cecília;5729;5455;274;-30;-35;5
79;7;3;Santana;20731;20428;303;11;-29;40
80;8;3;Azenha;13773;13330;443;-29;-170;141
80;8;3;Bom Fim;11459;10969;490;-68;-225;157
80;8;3;Centro;39274;38791;483;24;-129;153
80;8;3;Cidade Baixa;15331;14874;457;-47;-184;137
80;8;3;Farroupilha;1133;586;547;194;-56;250
80;8;3;Floresta;11621;11181;440;12;-145;157
80;8;3;Independência;7993;7534;459;-54;-205;151
80;8;3;Menino Deus;31752;31239;513;34;-145;179
80;8;3;Moinhos de Vento;11942;11531;411;-12;-145;133
80;8;3;Praia de Belas;2247;1896;351;-23;-136;113
80;8;3;Rio Branco;17515;17041;474;-20;-173;153
80;8;3;Santa Cecília;5704;5281;423;-25;-174;149
80;8;3;Santana;20745;20264;481;14;-164;178
81;9;3;Azenha;13789;13325;464;16;-5;21
81;9;3;Bom Fim;11455;10953;502;-4;-16;12
81;9;3;Centro;39292;38782;510;18;-9;27
81;9;3;Cidade Baixa;15354;14864;490;23;-10;33
81;9;3;Farroupilha;1099;549;550;-34;-37;3
81;9;3;Floresta;11608;11169;439;-13;-12;-1
81;9;3;Independência;8000;7524;476;7;-10;17
81;9;3;Menino Deus;31738;31228;510;-14;-11;-3
81;9;3;Moinhos de Vento;11942;11522;420;0;-9;9
81;9;3;Praia de Belas;2237;1884;353;-10;-12;2
81;9;3;Rio Branco;17538;17032;506;23;-9;32
81;9;3;Santa Cecília;5692;5269;423;-12;-12;0
81;9;3;Santana;20745;20255;490;0;-9;9
82;10;3;Azenha;13799;13316;483;10;-9;19
82;10;3;Bom Fim;11457;10940;517;2;-13;15
82;10;3;Centro;39345;38779;566;53;-3;56
82;10;3;Cidade Baixa;15341;14848;493;-13;-16;3
82;10;3;Farroupilha;1067;515;552;-32;-34;2
82;10;3;Floresta;11602;11157;445;-6;-12;6
82;10;3;Independência;7990;7506;484;-10;-18;8
82;10;3;Menino Deus;31735;31220;515;-3;-8;5
82;10;3;Moinhos de Vento;11951;11512;439;9;-10;19
82;10;3;Praia de Belas;2228;1876;352;-9;-8;-1
82;10;3;Rio Branco;17542;17020;522;4;-12;16
82;10;3;Santa Cecília;5694;5261;433;2;-8;10
82;10;3;Santana;20738;20246;492;-7;-9;2
83;11;3;Azenha;13778;13321;457;-21;5;-26
83;11;3;Bom Fim;11455;10956;499;-2;16;-18
83;11;3;Centro;39292;38787;505;-53;8;-61
83;11;3;Cidade Baixa;15333;14857;476;-8;9;-17
83;11;3;Farroupilha;1066;513;553;-1;-2;1
83;11;3;Floresta;11621;11172;449;19;15;4
83;11;3;Independência;7999;7524;475;9;18;-9
83;11;3;Menino Deus;31760;31233;527;25;13;12
83;11;3;Moinhos de Vento;11955;11525;430;4;13;-9
83;11;3;Praia de Belas;2241;1888;353;13;12;1
83;11;3;Rio Branco;17524;17030;494;-18;10;-28
83;11;3;Santa Cecília;5696;5271;425;2;10;-8
83;11;3;Santana;20769;20261;508;31;15;16
84;12;3;Azenha;13766;13172;594;-12;-149;137
84;12;3;Bom Fim;11405;10745;660;-50;-211;161
84;12;3;Centro;39303;38666;637;11;-121;132
84;12;3;Cidade Baixa;15333;14690;643;0;-167;167
84;12;3;Farroupilha;1182;403;779;116;-110;226
84;12;3;Floresta;11618;11039;579;-3;-133;130
84;12;3;Independência;7967;7340;627;-32;-184;152
84;12;3;Menino Deus;31744;31101;643;-16;-132;116
84;12;3;Moinhos de Vento;11952;11394;558;-3;-131;128
84;12;3;Praia de Belas;2244;1774;470;3;-114;117
84;12;3;Rio Branco;17535;16872;663;11;-158;169
84;12;3;Santa Cecília;5679;5114;565;-17;-157;140
84;12;3;Santana;20761;20112;649;-8;-149;141
85;13;3;Azenha;13783;13158;625;17;-14;31
85;13;3;Bom Fim;11426;10728;698;21;-17;38
85;13;3;Centro;39388;38659;729;85;-7;92
85;13;3;Cidade Baixa;15307;14667;640;-26;-23;-3
85;13;3;Farroupilha;1146;365;781;-36;-38;2
85;13;3;Floresta;11611;11021;590;-7;-18;11
85;13;3;Independência;7943;7314;629;-24;-26;2
85;13;3;Menino Deus;31768;31088;680;24;-13;37
85;13;3;Moinhos de Vento;11965;11382;583;13;-12;25
85;13;3;Praia de Belas;2226;1756;470;-18;-18;0
85;13;3;Rio Branco;17521;16854;667;-14;-18;4
85;13;3;Santa Cecília;5673;5100;573;-6;-14;8
85;13;3;Santana;20732;20093;639;-29;-19;-10
86;14;3;Azenha;13786;13152;634;3;-6;9
86;14;3;Bom Fim;11412;10721;691;-14;-7;-7
86;14;3;Centro;39337;38649;688;-51;-10;-41
86;14;3;Cidade Baixa;15309;14665;644;2;-2;4
86;14;3;Farroupilha;1128;345;783;-18;-20;2
86;14;3;Floresta;11634;11023;611;23;2;21
86;14;3;Independência;7952;7311;641;9;-3;12
86;14;3;Menino Deus;31780;31087;693;12;-1;13
86;14;3;Moinhos de Vento;11952;11378;574;-13;-4;-9
86;14;3;Praia de Belas;2223;1752;471;-3;-4;1
86;14;3;Rio Branco;17539;16852;687;18;-2;20
86;14;3;Santa Cecília;5668;5093;575;-5;-7;2
86;14;3;Santana;20769;20090;679;37;-3;40
87;15;3;Azenha;13767;13131;636;-19;-21;2
87;15;3;Bom Fim;11397;10692;705;-15;-29;14
87;15;3;Centro;39456;38640;816;119;-9;128
87;15;3;Cidade Baixa;15333;14639;694;24;-26;50
87;15;3;Farroupilha;1107;321;786;-21;-24;3
87;15;3;Floresta;11600;10997;603;-34;-26;-8
87;15;3;Independência;7947;7288;659;-5;-23;18
87;15;3;Menino Deus;31762;31066;696;-18;-21;3
87;15;3;Moinhos de Vento;11963;11363;600;11;-15;26
87;15;3;Praia de Belas;2203;1730;473;-20;-22;2
87;15;3;Rio Branco;17527;16830;697;-12;-22;10
87;15;3;Santa Cecília;5655;5074;581;-13;-19;6
87;15;3;Santana;20772;20071;701;3;-19;22
88;16;3;Azenha;13739;12956;783;-28;-175;147
88;16;3;Bom Fim;11320;10454;866;-77;-238;161
88;16;3;Centro;39393;38495;898;-63;-145;82
88;16;3;Cidade Baixa;15294;14454;840;-39;-185;146
88;16;3;Farroupilha;1359;320;1039;252;-1;253
88;16;3;Floresta;11608;10845;763;8;-152;160
88;16;3;Independência;7898;7075;823;-49;-213;164
88;16;3;Menino Deus;31833;30922;911;71;-144;215
88;16;3;Moinhos de Vento;11976;11215;761;13;-148;161
88;16;3;Praia de Belas;2183;1586;597;-20;-144;124
88;16;3;Rio Branco;17519;16650;869;-8;-180;172
88;16;3;Santa Cecília;5621;4899;722;-34;-175;141
88;16;3;Santana;20746;19896;850;-26;-175;149
89;17;3;Azenha;13745;12975;770;6;19;-13
89;17;3;Bom Fim;11355;10473;882;35;19;16
89;17;3;Centro;39427;38507;920;34;12;22
89;17;3;Cidade Baixa;15288;14465;823;-6;11;-17
89;17;3;Farroupilha;1357;318;1039;-2;-2;0
89;17;3;Floresta;11608;10854;754;0;9;-9
89;17;3;Independência;7900;7088;812;2;13;-11
89;17;3;Menino Deus;31783;30927;856;-50;5;-55
89;17;3;Moinhos de Vento;11970;11225;745;-6;10;-16
89;17;3;Praia de Belas;2198;1601;597;15;15;0
89;17;3;Rio Branco;17491;16658;833;-28;8;-36
89;17;3;Santa Cecília;5630;4913;717;9;14;-5
89;17;3;Santana;20737;19909;828;-9;13;-22
90;18;3;Azenha;13774;12992;782;29;17;12
90;18;3;Bom Fim;11341;10490;851;-14;17;-31
90;18;3;Centro;39359;38518;841;-68;11;-79
90;18;3;Cidade Baixa;15270;14484;786;-18;19;-37
90;18;3;Farroupilha;1354;315;1039;-3;-3;0
90;18;3;Floresta;11611;10871;740;3;17;-14
90;18;3;Independência;7906;7111;795;6;23;-17
90;18;3;Menino Deus;31780;30938;842;-3;11;-14
90;18;3;Moinhos de Vento;11959;11239;720;-11;14;-25
90;18;3;Praia de Belas;2216;1618;598;18;17;1
90;18;3;Rio Branco;17525;16678;847;34;20;14
90;18;3;Santa Cecília;5648;4926;722;18;13;5
90;18;3;Santana;20746;19921;825;9;12;-3
91;19;3;Azenha;13773;13014;759;-1;22;-23
91;19;3;Bom Fim;11355;10512;843;14;22;-8
91;19;3;Centro;39331;38530;801;-28;12;-40
91;19;3;Cidade Baixa;15269;14501;768;-1;17;-18
91;19;3;Farroupilha;1354;314;1040;0;-1;1
91;19;3;Floresta;11616;10889;727;5;18;-13
91;19;3;Independência;7920;7134;786;14;23;-9
91;19;3;Menino Deus;31780;30955;825;0;17;-17
91;19;3;Moinhos de Vento;11971;11255;716;12;16;-4
91;19;3;Praia de Belas;2231;1635;596;15;17;-2
91;19;3;Rio Branco;17509;16695;814;-16;17;-33
91;19;3;Santa Cecília;5667;4954;713;19;28;-9
91;19;3;Santana;20713;19938;775;-33;17;-50
92;20;3;Azenha;13769;12885;884;-4;-129;125
92;20;3;Bom Fim;11287;10314;973;-68;-198;130
92;20;3;Centro;39309;38419;890;-22;-111;89
92;20;3;Cidade Baixa;15259;14352;907;-10;-149;139
92;20;3;Farroupilha;1601;310;1291;247;-4;251
92;20;3;Floresta;11614;10760;854;-2;-129;127
92;20;3;Independência;7894;6963;931;-26;-171;145
92;20;3;Menino Deus;31712;30829;883;-68;-126;58
92;20;3;Moinhos de Vento;11957;11130;827;-14;-125;111
92;20;3;Praia de Belas;2242;1531;711;11;-104;115
92;20;3;Rio Branco;17489;16546;943;-20;-149;129
92;20;3;Santa Cecília;5644;4806;838;-23;-148;125
92;20;3;Santana;20712;19800;912;-1;-138;137
93;21;3;Azenha;13753;12900;853;-16;15;-31
93;21;3;Bom Fim;11308;10337;971;21;23;-2
93;21;3;Centro;39304;38429;875;-5;10;-15
93;21;3;Cidade Baixa;15250;14363;887;-9;11;-20
93;21;3;Farroupilha;1600;310;1290;-1;0;-1
93;21;3;Floresta;11615;10772;843;1;12;-11
93;21;3;Independência;7896;6978;918;2;15;-13
93;21;3;Menino Deus;31719;30843;876;7;14;-7
93;21;3;Moinhos de Vento;11953;11141;812;-4;11;-15
93;21;3;Praia de Belas;2256;1545;711;14;14;0
93;21;3;Rio Branco;17472;16557;915;-17;11;-28
93;21;3;Santa Cecília;5662;4825;837;18;19;-1
93;21;3;Santana;20701;19813;888;-11;13;-24
94;22;3;Azenha;13771;12944;827;18;44;-26
94;22;3;Bom Fim;11321;10387;934;13;50;-37
94;22;3;Centro;39218;38451;767;-86;22;-108
94;22;3;Cidade Baixa;15259;14408;851;9;45;-36
94;22;3;Farroupilha;1632;346;1286;32;36;-4
94;22;3;Floresta;11617;10806;811;2;34;-32
94;22;3;Independência;7929;7027;902;33;49;-16
94;22;3;Menino Deus;31665;30870;795;-54;27;-81
94;22;3;Moinhos de Vento;11963;11174;789;10;33;-23
94;22;3;Praia de Belas;2292;1583;709;36;38;-2
94;22;3;Rio Branco;17455;16591;864;-17;34;-51
94;22;3;Santa Cecília;5693;4867;826;31;42;-11
94;22;3;Santana;20674;19845;829;-27;32;-59
95;23;3;Azenha;13804;13804;0;33;860;-827
95;23;3;Bom Fim;11593;11593;0;272;1206;-934
95;23;3;Centro;39154;39154;0;-64;703;-767
95;23;3;Cidade Baixa;15379;15379;0;120;971;-851
95;23;3;Farroupilha;961;961;0;-671;615;-1286
95;23;3;Floresta;11596;11596;0;-21;790;-811
95;23;3;Independência;8112;8112;0;183;1085;-902
95;23;3;Menino Deus;31650;31650;0;-15;780;-795
95;23;3;Moinhos de Vento;11937;11937;0;-26;763;-789
95;23;3;Praia de Belas;2281;2281;0;-11;698;-709
95;23;3;Rio Branco;17531;17531;0;76;940;-864
95;23;3;Santa Cecília;5768;5768;0;75;901;-826
95;23;3;Santana;20723;20723;0;49;878;-829
96;0;4;Azenha;13806;13672;134;2;-132;134
96;0;4;Bom Fim;11568;11414;154;-25;-179;154
96;0;4;Centro;39171;39048;123;17;-106;123
96;0;4;Cidade Baixa;15375;15236;139;-4;-143;139
96;0;4;Farroupilha;940;792;148;-21;-169;148
96;0;4;Floresta;11608;11476;132;12;-120;132
96;0;4;Independência;8094;7946;148;-18;-166;148
96;0;4;Menino Deus;31660;31531;129;10;-119;129
96;0;4;Moinhos de Vento;11949;11820;129;12;-117;129
96;0;4;Praia de Belas;2295;2174;121;14;-107;121
96;0;4;Rio Branco;17529;17387;142;-2;-144;142
96;0;4;Santa Cecília;5768;5631;137;0;-137;137
96;0;4;Santana;20726;20592;134;3;-131;134
97;1;4;Azenha;13806;13672;134;0;0;0
97;1;4;Bom Fim;11568;11414;154;0;0;0
97;1;4;Centro;39171;39048;123;0;0;0
97;1;4;Cidade Baixa;15375;15236;139;0;0;0
97;1;4;Farroupilha;940;792;148;0;0;0
97;1;4;Floresta;11608;11476;132;0;0;0
97;1;4;Independência;8094;7946;148;0;0;0
97;1;4;Menino Deus;31660;31531;129;0;0;0
97;1;4;Moinhos de Vento;11949;11820;129;0;0;0
97;1;4;Praia de Belas;2295;2174;121;0;0;0
97;1;4;Rio Branco;17529;17387;142;0;0;0
97;1;4;Santa Cecília;5768;5631;137;0;0;0
97;1;4;Santana;20726;20592;134;0;0;0
98;2;4;Azenha;13806;13672;134;0;0;0
98;2;4;Bom Fim;11568;11414;154;0;0;0
98;2;4;Centro;39171;39048;123;0;0;0
98;2;4;Cidade Baixa;15375;15236;139;0;0;0
98;2;4;Farroupilha;940;792;148;0;0;0
98;2;4;Floresta;11608;11476;132;0;0;0
98;2;4;Independência;8094;7946;148;0;0;0
98;2;4;Menino Deus;31660;31531;129;0;0;0
98;2;4;Moinhos de Vento;11949;11820;129;0;0;0
98;2;4;Praia de Belas;2295;2174;121;0;0;0
98;2;4;Rio Branco;17529;17387;142;0;0;0
98;2;4;Santa Cecília;5768;5631;137;0;0;0
98;2;4;Santana;20726;20592;134;0;0;0
99;3;4;Azenha;13806;13672;134;0;0;0
99;3;4;Bom Fim;11568;11414;154;0;0;0
99;3;4;Centro;39171;39048;123;0;0;0
99;3;4;Cidade Baixa;15375;15236;139;0;0;0
99;3;4;Farroupilha;940;792;148;0;0;0
99;3;4;Floresta;11608;11476;132;0;0;0
99;3;4;Independência;8094;7946;148;0;0;0
99;3;4;Menino Deus;31660;31531;129;0;0;0
99;3;4;Moinhos de Vento;11949;11820;129;0;0;0
99;3;4;Praia de Belas;2295;2174;121;0;0;0
99;3;4;Rio Branco;17529;17387;142;0;0;0
99;3;4;Santa Cecília;5768;5631;137;0;0;0
99;3;4;Santana;20726;20592;134;0;0;0
100;4;4;Azenha;13804;13536;268;-2;-136;134
100;4;4;Bom Fim;11540;11232;308;-28;-182;154
100;4;4;Centro;39185;38939;246;14;-109;123
100;4;4;Cidade Baixa;15369;15091;278;-6;-145;139
100;4;4;Farroupilha;980;684;296;40;-108;148
100;4;4;Floresta;11618;11354;264;10;-122;132
100;4;4;Independência;8073;7777;296;-21;-169;148
100;4;4;Menino Deus;31667;31409;258;7;-122;129
100;4;4;Moinhos de Vento;11953;11701;252;4;-119;123
100;4;4;Praia de Belas;2303;2066;237;8;-108;116
100;4;4;Rio Branco;17518;17241;277;-11;-146;135
100;4;4;Santa Cecília;5759;5490;269;-9;-141;132
100;4;4;Santana;20720;20457;263;-6;-135;129
101;5;4;Azenha;13804;13536;268;0;0;0
101;5;4;Bom Fim;11540;11232;308;0;0;0
101;5;4;Centro;39185;38939;246;0;0;0
101;5;4;Cidade Baixa;15369;15091;278;0;0;0
101;5;4;Farroupilha;980;684;296;0;0;0
101;5;4;Floresta;11618;11354;264;0;0;0
101;5;4;Independência;8073;7777;296;0;0;0
101;5;4;Menino Deus;31667;31409;258;0;0;0
101;5;4;Moinhos de Vento;11953;11701;252;0;0;0
101;5;4;Praia de Belas;2303;2066;237;0;0;0
101;5;4;Rio Branco;17518;17241;277;0;0;0
101;5;4;Santa Cecília;5759;5490;269;0;0;0
101;5;4;Santana;20720;20457;263;0;0;0
102;6;4;Azenha;13804;13536;268;0;0;0
102;6;4;Bom Fim;11540;11232;308;0;0;0
102;6;4;Centro;39185;38939;246;0;0;0
102;6;4;Cidade Baixa;15369;15091;278;0;0;0
102;6;4;Farroupilha;980;684;296;0;0;0
102;6;4;Floresta;11618;11354;264;0;0;0
102;6;4;Independência;8073;7777;296;0;0;0
102;6;4;Menino Deus;31667;31409;258;0;0;0
102;6;4;Moinhos de Vento;11953;11701;252;0;0;0
102;6;4;Praia de Belas;2303;2066;237;0;0;0
102;6;4;Rio Branco;17518;17241;277;0;0;0
102;6;4;Santa Cecília;5759;5490;269;0;0;0
102;6;4;Santana;20720;20457;263;0;0;0
103;7;4;Azenha;13802;13500;302;-2;-36;34
103;7;4;Bom Fim;11527;11194;333;-13;-38;25
103;7;4;Centro;39250;38920;330;65;-19;84
103;7;4;Cidade Baixa;15378;15058;320;9;-33;42
103;7;4;Farroupilha;939;642;297;-41;-42;1
103;7;4;Floresta;11609;11326;283;-9;-28;19
103;7;4;Independência;8047;7739;308;-26;-38;12
103;7;4;Menino Deus;31718;31384;334;51;-25;76
103;7;4;Moinhos de Vento;11954;11676;278;1;-25;26
103;7;4;Praia de Belas;2270;2032;238;-33;-34;1
103;7;4;Rio Branco;17535;17214;321;17;-27;44
103;7;4;Santa Cecília;5729;5455;274;-30;-35;5
103;7;4;Santana;20731;20428;303;11;-29;40
104;8;4;Azenha;13773;13330;443;-29;-170;141
104;8;4;Bom Fim;11459;10969;490;-68;-225;157
104;8;4;Centro;39276;38792;484;26;-128;154
104;8;4;Cidade Baixa;15334;14874;460;-44;-184;140
104;8;4;Farroupilha;1128;583;545;189;-59;248
104;8;4;Floresta;11621;11181;440;12;-145;157
104;8;4;Independência;7993;7534;459;-54;-205;151
104;8;4;Menino Deus;31753;31240;513;35;-144;179
104;8;4;Moinhos de Vento;11941;11531;410;-13;-145;132
104;8;4;Praia de Belas;2247;1896;351;-23;-136;113
104;8;4;Rio Branco;17515;17041;474;-20;-173;153
104;8;4;Santa Cecília;5704;5281;423;-25;-174;149
104;8;4;Santana;20745;20264;481;14;-164;178
105;9;4;Azenha;13789;13325;464;16;-5;21
105;9;4;Bom Fim;11455;10953;502;-4;-16;12
105;9;4;Centro;39294;38783;511;18;-9;27
105;9;4;Cidade Baixa;15357;14864;493;23;-10;33
105;9;4;Farroupilha;1094;546;548;-34;-37;3
105;9;4;Floresta;11608;11169;439;-13;-12;-1
105;9;4;Independência;8000;7524;476;7;-10;17
105;9;4;Menino Deus;31739;31229;510;-14;-11;-3
105;9;4;Moinhos de Vento;11941;11522;419;0;-9;9
105;9;4;Praia de Belas;2237;1884;353;-10;-12;2
105;9;4;Rio Branco;17538;17032;506;23;-9;32
105;9;4;Santa Cecília;5692;5269;423;-12;-12;0
105;9;4;Santana;20745;20255;490;0;-9;9
106;10;4;Azenha;13799;13316;483;10;-9;19
106;10;4;Bom Fim;11457;10940;517;2;-13;15
106;10;4;Centro;39347;38780;567;53;-3;56
106;10;4;Cidade Baixa;15344;14848;496;-13;-16;3
106;10;4;Farroupilha;1061;511;550;-33;-35;2
106;10;4;Floresta;11602;11157;445;-6;-12;6
106;10;4;Independência;7990;7506;484;-10;-18;8
106;10;4;Menino Deus;31736;31221;515;-3;-8;5
106;10;4;Moinhos de Vento;11951;11512;439;10;-10;20
106;10;4;Praia de Belas;2228;1876;352;-9;-8;-1
106;10;4;Rio Branco;17542;17020;522;4;-12;16
106;10;4;Santa Cecília;5694;5261;433;2;-8;10
106;10;4;Santana;20738;20246;492;-7;-9;2
107;11;4;Azenha;13778;13321;457;-21;5;-26
107;11;4;Bom Fim;11455;10956;499;-2;16;-18
107;11;4;Centro;39294;38788;506;-53;8;-61
107;11;4;Cidade Baixa;15336;14857;479;-8;9;-17
107;11;4;Farroupilha;1060;509;551;-1;-2;1
107;11;4;Floresta;11621;11172;449;19;15;4
107;11;4;Independência;7999;7524;475;9;18;-9
107;11;4;Menino Deus;31761;31234;527;25;13;12
107;11;4;Moinhos de Vento;11955;11525;430;4;13;-9
107;11;4;Praia de Belas;2241;1888;353;13;12;1
107;11;4;Rio Branco;17524;17030;494;-18;10;-28
107;11;4;Santa Cecília;5696;5271;425;2;10;-8
107;11;4;Santana;20769;20261;508;31;15;16
108;12;4;Azenha;13768;13174;594;-10;-147;137
108;12;4;Bom Fim;11404;10744;660;-51;-212;161
108;12;4;Centro;39306;38669;637;12;-119;131
108;12;4;Cidade Baixa;15336;14690;646;0;-167;167
108;12;4;Farroupilha;1175;397;778;115;-112;227
108;12;4;Floresta;11617;11038;579;-4;-134;130
108;12;4;Independência;7977;7341;636;-22;-183;161
108;12;4;Menino Deus;31747;31104;643;-14;-130;116
108;12;4;Moinhos de Vento;11952;11394;558;-3;-131;128
108;12;4;Praia de Belas;2239;1773;466;-2;-115;113
108;12;4;Rio Branco;17535;16872;663;11;-158;169
108;12;4;Santa Cecília;5670;5113;557;-26;-158;132
108;12;4;Santana;20763;20114;649;-6;-147;141
109;13;4;Azenha;13785;13160;625;17;-14;31
109;13;4;Bom Fim;11425;10727;698;21;-17;38
109;13;4;Centro;39391;38662;729;85;-7;92
109;13;4;Cidade Baixa;15309;14667;642;-27;-23;-4
109;13;4;Farroupilha;1140;360;780;-35;-37;2
109;13;4;Floresta;11610;11020;590;-7;-18;11
109;13;4;Independência;7952;7315;637;-25;-26;1
109;13;4;Menino Deus;31771;31091;680;24;-13;37
109;13;4;Moinhos de Vento;11965;11382;583;13;-12;25
109;13;4;Praia de Belas;2221;1755;466;-18;-18;0
109;13;4;Rio Branco;17521;16854;667;-14;-18;4
109;13;4;Santa Cecília;5664;5099;565;-6;-14;8
109;13;4;Santana;20735;20096;639;-28;-18;-10
110;14;4;Azenha;13787;13153;634;2;-7;9
110;14;4;Bom Fim;11411;10720;691;-14;-7;-7
110;14;4;Centro;39340;38652;688;-51;-10;-41
110;14;4;Cidade Baixa;15311;14665;646;2;-2;4
110;14;4;Farroupilha;1122;340;782;-18;-20;2
110;14;4;Floresta;11633;11022;611;23;2;21
110;14;4;Independência;7960;7311;649;8;-4;12
110;14;4;Menino Deus;31783;31090;693;12;-1;13
110;14;4;Moinhos de Vento;11952;11378;574;-13;-4;-9
110;14;4;Praia de Belas;2218;1751;467;-3;-4;1
110;14;4;Rio Branco;17539;16852;687;18;-2;20
110;14;4;Santa Cecília;5661;5092;569;-3;-7;4
110;14;4;Santana;20772;20093;679;37;-3;40
111;15;4;Azenha;13768;13132;636;-19;-21;2
111;15;4;Bom Fim;11395;10690;705;-16;-30;14
111;15;4;Centro;39458;38642;816;118;-10;128
111;15;4;Cidade Baixa;15329;14639;690;18;-26;44
111;15;4;Farroupilha;1107;322;785;-15;-18;3
111;15;4;Floresta;11599;10996;603;-34;-26;-8
111;15;4;Independência;7955;7288;667;-5;-23;18
111;15;4;Menino Deus;31765;31069;696;-18;-21;3
111;15;4;Moinhos de Vento;11963;11363;600;11;-15;26
111;15;4;Praia de Belas;2199;1729;470;-19;-22;3
111;15;4;Rio Branco;17527;16830;697;-12;-22;10
111;15;4;Santa Cecília;5649;5073;576;-12;-19;7
111;15;4;Santana;20775;20074;701;3;-19;22
112;16;4;Azenha;13740;12957;783;-28;-175;147
112;16;4;Bom Fim;11318;10452;866;-77;-238;161
112;16;4;Centro;39395;38497;898;-63;-145;82
112;16;4;Cidade Baixa;15290;14454;836;-39;-185;146
112;16;4;Farroupilha;1359;321;1038;252;-1;253
112;16;4;Floresta;11607;10844;763;8;-152;160
112;16;4;Independência;7906;7075;831;-49;-213;164
112;16;4;Menino Deus;31836;30925;911;71;-144;215
112;16;4;Moinhos de Vento;11976;11215;761;13;-148;161
112;16;4;Praia de Belas;2179;1585;594;-20;-144;124
112;16;4;Rio Branco;17519;16650;869;-8;-180;172
112;16;4;Santa Cecília;5615;4898;717;-34;-175;141
112;16;4;Santana;20749;19899;850;-26;-175;149
113;17;4;Azenha;13746;12976;770;6;19;-13
113;17;4;Bom Fim;11354;10472;882;36;20;16
113;17;4;Centro;39429;38509;920;34;12;22
113;17;4;Cidade Baixa;15284;14465;819;-6;11;-17
113;17;4;Farroupilha;1357;319;1038;-2;-2;0
113;17;4;Floresta;11607;10853;754;0;9;-9
113;17;4;Independência;7907;7088;819;1;13;-12
113;17;4;Menino Deus;31786;30930;856;-50;5;-55
113;17;4;Moinhos de Vento;11970;11225;745;-6;10;-16
113;17;4;Praia de Belas;2194;1600;594;15;15;0
113;17;4;Rio Branco;17491;16658;833;-28;8;-36
113;17;4;Santa Cecília;5624;4912;712;9;14;-5
113;17;4;Santana;20740;19912;828;-9;13;-22
114;18;4;Azenha;13775;12993;782;29;17;12
114;18;4;Bom Fim;11340;10489;851;-14;17;-31
114;18;4;Centro;39361;38520;841;-68;11;-79
114;18;4;Cidade Baixa;15267;14484;783;-17;19;-36
114;18;4;Farroupilha;1354;316;1038;-3;-3;0
114;18;4;Floresta;11611;10871;740;4;18;-14
114;18;4;Independência;7912;7111;801;5;23;-18
114;18;4;Menino Deus;31783;30941;842;-3;11;-14
114;18;4;Moinhos de Vento;11959;11239;720;-11;14;-25
114;18;4;Praia de Belas;2212;1617;595;18;17;1
114;18;4;Rio Branco;17524;16678;846;33;20;13
114;18;4;Santa Cecília;5642;4925;717;18;13;5
114;18;4;Santana;20749;19924;825;9;12;-3
115;19;4;Azenha;13774;13015;759;-1;22;-23
115;19;4;Bom Fim;11354;10511;843;14;22;-8
115;19;4;Centro;39333;38532;801;-28;12;-40
115;19;4;Cidade Baixa;15267;14501;766;0;17;-17
115;19;4;Farroupilha;1354;315;1039;0;-1;1
115;19;4;Floresta;11616;10889;727;5;18;-13
115;19;4;Independência;7926;7134;792;14;23;-9
115;19;4;Menino Deus;31782;30958;824;-1;17;-18
115;19;4;Moinhos de Vento;11971;11255;716;12;16;-4
115;19;4;Praia de Belas;2227;1634;593;15;17;-2
115;19;4;Rio Branco;17508;16695;813;-16;17;-33
115;19;4;Santa Cecília;5661;4953;708;19;28;-9
115;19;4;Santana;20716;19941;775;-33;17;-50
116;20;4;Azenha;13769;12885;884;-5;-130;125
116;20;4;Bom Fim;11285;10312;973;-69;-199;130
116;20;4;Centro;39310;38420;890;-23;-112;89
116;20;4;Cidade Baixa;15257;14352;905;-10;-149;139
116;20;4;Farroupilha;1601;311;1290;247;-4;251
116;20;4;Floresta;11613;10759;854;-3;-130;127
116;20;4;Independência;7899;6962;937;-27;-172;145
116;20;4;Menino Deus;31714;30832;882;-68;-126;58
116;20;4;Moinhos de Vento;11963;11130;833;-8;-125;117
116;20;4;Praia de Belas;2239;1530;709;12;-104;116
116;20;4;Rio Branco;17487;16545;942;-21;-150;129
116;20;4;Santa Cecília;5638;4805;833;-23;-148;125
116;20;4;Santana;20714;19802;912;-2;-139;137
117;21;4;Azenha;13753;12900;853;-16;15;-31
117;21;4;Bom Fim;11306;10335;971;21;23;-2
117;21;4;Centro;39305;38430;875;-5;10;-15
117;21;4;Cidade Baixa;15248;14363;885;-9;11;-20
117;21;4;Farroupilha;1600;311;1289;-1;0;-1
117;21;4;Floresta;11614;10771;843;1;12;-11
117;21;4;Independência;7901;6977;924;2;15;-13
117;21;4;Menino Deus;31721;30846;875;7;14;-7
117;21;4;Moinhos de Vento;11958;11141;817;-5;11;-16
117;21;4;Praia de Belas;2253;1544;709;14;14;0
117;21;4;Rio Branco;17471;16557;914;-16;12;-28
117;21;4;Santa Cecília;5656;4824;832;18;19;-1
117;21;4;Santana;20703;19815;888;-11;13;-24
118;22;4;Azenha;13771;12944;827;18;44;-26
118;22;4;Bom Fim;11319;10385;934;13;50;-37
118;22;4;Centro;39219;38452;767;-86;22;-108
118;22;4;Cidade Baixa;15257;14408;849;9;45;-36
118;22;4;Farroupilha;1631;346;1285;31;35;-4
118;22;4;Floresta;11615;10804;811;1;33;-32
118;22;4;Independência;7934;7026;908;33;49;-16
118;22;4;Menino Deus;31667;30873;794;-54;27;-81
118;22;4;Moinhos de Vento;11968;11174;794;10;33;-23
118;22;4;Praia de Belas;2289;1582;707;36;38;-2
118;22;4;Rio Branco;17455;16591;864;-16;34;-50
118;22;4;Santa Cecília;5688;4866;822;32;42;-10
118;22;4;Santana;20676;19847;829;-27;32;-59
119;23;4;Azenha;13804;13804;0;33;860;-827
119;23;4;Bom Fim;11593;11593;0;274;1208;-934
119;23;4;Centro;39154;39154;0;-65;702;-767
119;23;4;Cidade Baixa;15379;15379;0;122;971;-849
119;23;4;Farroupilha;961;961;0;-670;615;-1285
119;23;4;Floresta;11596;11596;0;-19;792;-811
119;23;4;Independência;8112;8112;0;178;1086;-908
119;23;4;Menino Deus;31650;31650;0;-17;777;-794
119;23;4;Moinhos de Vento;11937;11937;0;-31;763;-794
119;23;4;Praia de Belas;2281;2281;0;-8;699;-707
119;23;4;Rio Branco;17531;17531;0;76;940;-864
119;23;4;Santa Cecília;5768;5768;0;80;902;-822
119;23;4;Santana;20723;20723;0;47;876;-829
120;0;5;Azenha;13806;13672;134;2;-132;134
120;0;5;Bom Fim;11568;11414;154;-25;-179;154
120;0;5;Centro;39171;39048;123;17;-106;123
120;0;5;Cidade Baixa;15375;15236;139;-4;-143;139
120;0;5;Farroupilha;940;792;148;-21;-169;148
120;0;5;Floresta;11608;11476;132;12;-120;132
120;0;5;Independência;8094;7946;148;-18;-166;148
120;0;5;Menino Deus;31660;31531;129;10;-119;129
120;0;5;Moinhos de Vento;11949;11820;129;12;-117;129
120;0;5;Praia de Belas;2295;2174;121;14;-107;121
120;0;5;Rio Branco;17529;17387;142;-2;-144;142
120;0;5;Santa Cecília;5768;5631;137;0;-137;137
120;0;5;Santana;20726;20592;134;3;-131;134
121;1;5;Azenha;13806;13672;134;0;0;0
121;1;5;Bom Fim;11568;11414;154;0;0;0
121;1;5;Centro;39171;39048;123;0;0;0
121;1;5;Cidade Baixa;15375;15236;139;0;0;0
121;1;5;Farroupilha;940;792;148;0;0;0
121;1;5;Floresta;11608;11476;132;0;0;0
121;1;5;Independência;8094;7946;148;0;0;0
121;1;5;Menino Deus;31660;31531;129;0;0;0
121;1;5;Moinhos de Vento;11949;11820;129;0;0;0
121;1;5;Praia de Belas;2295;2174;121;0;0;0
121;1;5;Rio Branco;17529;17387;142;0;0;0
121;1;5;Santa Cecília;5768;5631;137;0;0;0
121;1;5;Santana;20726;20592;134;0;0;0
122;2;5;Azenha;13806;13672;134;0;0;0
122;2;5;Bom Fim;11568;11414;154;0;0;0
122;2;5;Centro;39171;39048;123;0;0;0
122;2;5;Cidade Baixa;15375;15236;139;0;0;0
122;2;5;Farroupilha;940;792;148;0;0;0
122;2;5;Floresta;11608;11476;132;0;0;0
122;2;5;Independência;8094;7946;148;0;0;0
122;2;5;Menino Deus;31660;31531;129;0;0;0
122;2;5;Moinhos de Vento;11949;11820;129;0;0;0
122;2;5;Praia de Belas;2295;2174;121;0;0;0
122;2;5;Rio Branco;17529;17387;142;0;0;0
122;2;5;Santa Cecília;5768;5631;137;0;0;0
122;2;5;Santana;20726;20592;134;0;0;0
123;3;5;Azenha;13806;13672;134;0;0;0
123;3;5;Bom Fim;11568;11414;154;0;0;0
123;3;5;Centro;39171;39048;123;0;0;0
123;3;5;Cidade Baixa;15375;15236;139;0;0;0
123;3;5;Farroupilha;940;792;148;0;0;0
123;3;5;Floresta;11608;11476;132;0;0;0
123;3;5;Independência;8094;7946;148;0;0;0
123;3;5;Menino Deus;31660;31531;129;0;0;0
123;3;5;Moinhos de Vento;11949;11820;129;0;0;0
123;3;5;Praia de Belas;2295;2174;121;0;0;0
123;3;5;Rio Branco;17529;17387;142;0;0;0
123;3;5;Santa Cecília;5768;5631;137;0;0;0
123;3;5;Santana;20726;20592;134;0;0;0
124;4;5;Azenha;13804;13536;268;-2;-136;134
124;4;5;Bom Fim;11540;11232;308;-28;-182;154
124;4;5;Centro;39185;38939;246;14;-109;123
124;4;5;Cidade Baixa;15369;15091;278;-6;-145;139
124;4;5;Farroupilha;980;684;296;40;-108;148
124;4;5;Floresta;11618;11354;264;10;-122;132
124;4;5;Independência;8073;7777;296;-21;-169;148
124;4;5;Menino Deus;31667;31409;258;7;-122;129
124;4;5;Moinhos de Vento;11953;11701;252;4;-119;123
124;4;5;Praia de Belas;2303;2066;237;8;-108;116
124;4;5;Rio Branco;17518;17241;277;-11;-146;135
124;4;5;Santa Cecília;5759;5490;269;-9;-141;132
124;4;5;Santana;20720;20457;263;-6;-135;129
125;5;5;Azenha;13804;13536;268;0;0;0
125;5;5;Bom Fim;11540;11232;308;0;0;0
125;5;5;Centro;39185;38939;246;0;0;0
125;5;5;Cidade Baixa;15369;15091;278;0;0;0
125;5;5;Farroupilha;980;684;296;0;0;0
125;5;5;Floresta;11618;11354;264;0;0;0
125;5;5;Independência;8073;7777;296;0;0;0
125;5;5;Menino Deus;31667;31409;258;0;0;0
125;5;5;Moinhos de Vento;11953;11701;252;0;0;0
125;5;5;Praia de Belas;2303;2066;237;0;0;0
125;5;5;Rio Branco;17518;17241;277;0;0;0
125;5;5;Santa Cecília;5759;5490;269;0;0;0
125;5;5;Santana;20720;20457;263;0;0;0
126;6;5;Azenha;13804;13536;268;0;0;0
126;6;5;Bom Fim;11540;11232;308;0;0;0
126;6;5;Centro;39185;38939;246;0;0;0
126;6;5;Cidade Baixa;15369;15091;278;0;0;0
126;6;5;Farroupilha;980;684;296;0;0;0
126;6;5;Floresta;11618;11354;264;0;0;0
126;6;5;Independência;8073;7777;296;0;0;0
126;6;5;Menino Deus;31667;31409;258;0;0;0
126;6;5;Moinhos de Vento;11953;11701;252;0;0;0
126;6;5;Praia de Belas;2303;2066;237;0;0;0
126;6;5;Rio Branco;17518;17241;277;0;0;0
126;6;5;Santa Cecília;5759;5490;269;0;0;0
126;6;5;Santana;20720;20457;263;0;0;0
127;7;5;Azenha;13802;13500;302;-2;-36;34
127;7;5;Bom Fim;11527;11194;333;-13;-38;25
127;7;5;Centro;39250;38920;330;65;-19;84
127;7;5;Cidade Baixa;15378;15058;320;9;-33;42
127;7;5;Farroupilha;939;642;297;-41;-42;1
127;7;5;Floresta;11609;11326;283;-9;-28;19
127;7;5;Independência;8047;7739;308;-26;-38;12
127;7;5;Menino Deus;31718;31384;334;51;-25;76
127;7;5;Moinhos de Vento;11954;11676;278;1;-25;26
127;7;5;Praia de Belas;2270;2032;238;-33;-34;1
127;7;5;Rio Branco;17535;17214;321;17;-27;44
127;7;5;Santa Cecília;5729;5455;274;-30;-35;5
127;7;5;Santana;20731;20428;303;11;-29;40
128;8;5;Azenha;13773;13330;443;-29;-170;141
128;8;5;Bom Fim;11459;10969;490;-68;-225;157
128;8;5;Centro;39276;38792;484;26;-128;154
128;8;5;Cidade Baixa;15333;14874;459;-45;-184;139
128;8;5;Farroupilha;1128;583;545;189;-59;248
128;8;5;Floresta;11621;11181;440;12;-145;157
128;8;5;Independência;7993;7534;459;-54;-205;151
128;8;5;Menino Deus;31753;31240;513;35;-144;179
128;8;5;Moinhos de Vento;11942;11531;411;-12;-145;133
128;8;5;Praia de Belas;2247;1896;351;-23;-136;113
128;8;5;Rio Branco;17515;17041;474;-20;-173;153
128;8;5;Santa Cecília;5704;5281;423;-25;-174;149
128;8;5;Santana;20745;20264;481;14;-164;178
129;9;5;Azenha;13789;13325;464;16;-5;21
129;9;5;Bom Fim;11455;10953;502;-4;-16;12
129;9;5;Centro;39294;38783;511;18;-9;27
129;9;5;Cidade Baixa;15356;14864;492;23;-10;33
129;9;5;Farroupilha;1094;546;548;-34;-37;3
129;9;5;Floresta;11608;11169;439;-13;-12;-1
129;9;5;Independência;8000;7524;476;7;-10;17
129;9;5;Menino Deus;31739;31229;510;-14;-11;-3
129;9;5;Moinhos de Vento;11942;11522;420;0;-9;9
129;9;5;Praia de Belas;2237;1884;353;-10;-12;2
129;9;5;Rio Branco;17538;17032;506;23;-9;32
129;9;5;Santa Cecília;5692;5269;423;-12;-12;0
129;9;5;Santana;20745;20255;490;0;-9;9
130;10;5;Azenha;13799;13316;483;10;-9;19
130;10;5;Bom Fim;11457;10940;517;2;-13;15
130;10;5;Centro;39347;38780;567;53;-3;56
130;10;5;Cidade Baixa;15343;14848;495;-13;-16;3
130;10;5;Farroupilha;1062;512;550;-32;-34;2
130;10;5;Floresta;11602;11157;445;-6;-12;6
130;10;5;Independência;7990;7506;484;-10;-18;8
130;10;5;Menino Deus;31736;31221;515;-3;-8;5
130;10;5;Moinhos de Vento;11951;11512;439;9;-10;19
130;10;5;Praia de Belas;2228;1876;352;-9;-8;-1
130;10;5;Rio Branco;17542;17020;522;4;-12;16
130;10;5;Santa Cecília;5694;5261;433;2;-8;10
130;10;5;Santana;20738;20246;492;-7;-9;2
131;11;5;Azenha;13778;13321;457;-21;5;-26
131;11;5;Bom Fim;11455;10956;499;-2;16;-18
131;11;5;Centro;39294;38788;506;-53;8;-61
131;11;5;Cidade Baixa;15335;14857;478;-8;9;-17
131;11;5;Farroupilha;1061;510;551;-1;-2;1
131;11;5;Floresta;11621;11172;449;19;15;4
131;11;5;Independência;7999;7524;475;9;18;-9
131;11;5;Menino Deus;31761;31234;527;25;13;12
131;11;5;Moinhos de Vento;11955;11525;430;4;13;-9
131;11;5;Praia de Belas;2241;1888;353;13;12;1
131;11;5;Rio Branco;17524;17030;494;-18;10;-28
131;11;5;Santa Cecília;5696;5271;425;2;10;-8
131;11;5;Santana;20769;20261;508;31;15;16
132;12;5;Azenha;13767;13173;594;-11;-148;137
132;12;5;Bom Fim;11406;10746;660;-49;-210;161
132;12;5;Centro;39306;38669;637;12;-119;131
132;12;5;Cidade Baixa;15336;14691;645;1;-166;167
132;12;5;Farroupilha;1174;398;776;113;-112;225
132;12;5;Floresta;11618;11040;578;-3;-132;129
132;12;5;Independência;7968;7340;628;-31;-184;153
132;12;5;Menino Deus;31751;31105;646;-10;-129;119
132;12;5;Moinhos de Vento;11954;11395;559;-1;-130;129
132;12;5;Praia de Belas;2239;1774;465;-2;-114;112
132;12;5;Rio Branco;17536;16873;663;12;-157;169
132;12;5;Santa Cecília;5671;5114;557;-25;-157;132
132;12;5;Santana;20763;20114;649;-6;-147;141
133;13;5;Azenha;13784;13159;625;17;-14;31
133;13;5;Bom Fim;11427;10729;698;21;-17;38
133;13;5;Centro;39391;38662;729;85;-7;92
133;13;5;Cidade Baixa;15309;14668;641;-27;-23;-4
133;13;5;Farroupilha;1139;361;778;-35;-37;2
133;13;5;Floresta;11611;11022;589;-7;-18;11
133;13;5;Independência;7944;7314;630;-24;-26;2
133;13;5;Menino Deus;31775;31092;683;24;-13;37
133;13;5;Moinhos de Vento;11967;11383;584;13;-12;25
133;13;5;Praia de Belas;2221;1756;465;-18;-18;0
133;13;5;Rio Branco;17522;16855;667;-14;-18;4
133;13;5;Santa Cecília;5665;5100;565;-6;-14;8
133;13;5;Santana;20734;20095;639;-29;-19;-10
134;14;5;Azenha;13786;13152;634;2;-7;9
134;14;5;Bom Fim;11413;10722;691;-14;-7;-7
134;14;5;Centro;39340;38652;688;-51;-10;-41
134;14;5;Cidade Baixa;15311;14666;645;2;-2;4
134;14;5;Farroupilha;1120;340;780;-19;-21;2
134;14;5;Floresta;11634;11024;610;23;2;21
134;14;5;Independência;7953;7311;642;9;-3;12
134;14;5;Menino Deus;31786;31091;695;11;-1;12
134;14;5;Moinhos de Vento;11954;11379;575;-13;-4;-9
134;14;5;Praia de Belas;2218;1752;466;-3;-4;1
134;14;5;Rio Branco;17541;16854;687;19;-1;20
134;14;5;Santa Cecília;5662;5093;569;-3;-7;4
134;14;5;Santana;20771;20092;679;37;-3;40
135;15;5;Azenha;13767;13131;636;-19;-21;2
135;15;5;Bom Fim;11397;10692;705;-16;-30;14
135;15;5;Centro;39456;38642;814;116;-10;126
135;15;5;Cidade Baixa;15329;14640;689;18;-26;44
135;15;5;Farroupilha;1107;324;783;-13;-16;3
135;15;5;Floresta;11600;10998;602;-34;-26;-8
135;15;5;Independência;7948;7288;660;-5;-23;18
135;15;5;Menino Deus;31768;31070;698;-18;-21;3
135;15;5;Moinhos de Vento;11965;11364;601;11;-15;26
135;15;5;Praia de Belas;2199;1730;469;-19;-22;3
135;15;5;Rio Branco;17529;16832;697;-12;-22;10
135;15;5;Santa Cecília;5650;5074;576;-12;-19;7
135;15;5;Santana;20774;20073;701;3;-19;22
136;16;5;Azenha;13739;12956;783;-28;-175;147
136;16;5;Bom Fim;11319;10453;866;-78;-239;161
136;16;5;Centro;39392;38496;896;-64;-146;82
136;16;5;Cidade Baixa;15290;14455;835;-39;-185;146
136;16;5;Farroupilha;1359;323;1036;252;-1;253
136;16;5;Floresta;11614;10846;768;14;-152;166
136;16;5;Independência;7898;7074;824;-50;-214;164
136;16;5;Menino Deus;31839;30926;913;71;-144;215
136;16;5;Moinhos de Vento;11977;11215;762;12;-149;161
136;16;5;Praia de Belas;2178;1585;593;-21;-145;124
136;16;5;Rio Branco;17521;16652;869;-8;-180;172
136;16;5;Santa Cecília;5616;4899;717;-34;-175;141
136;16;5;Santana;20747;19897;850;-27;-176;149
137;17;5;Azenha;13745;12975;770;6;19;-13
137;17;5;Bom Fim;11354;10472;882;35;19;16
137;17;5;Centro;39426;38508;918;34;12;22
137;17;5;Cidade Baixa;15284;14466;818;-6;11;-17
137;17;5;Farroupilha;1357;321;1036;-2;-2;0
137;17;5;Floresta;11614;10855;759;0;9;-9
137;17;5;Independência;7900;7087;813;2;13;-11
137;17;5;Menino Deus;31789;30931;858;-50;5;-55
137;17;5;Moinhos de Vento;11971;11225;746;-6;10;-16
137;17;5;Praia de Belas;2193;1600;593;15;15;0
137;17;5;Rio Branco;17493;16660;833;-28;8;-36
137;17;5;Santa Cecília;5625;4913;712;9;14;-5
137;17;5;Santana;20738;19910;828;-9;13;-22
138;18;5;Azenha;13774;12992;782;29;17;12
138;18;5;Bom Fim;11340;10489;851;-14;17;-31
138;18;5;Centro;39358;38519;839;-68;11;-79
138;18;5;Cidade Baixa;15267;14485;782;-17;19;-36
138;18;5;Farroupilha;1354;318;1036;-3;-3;0
138;18;5;Floresta;11617;10872;745;3;17;-14
138;18;5;Independência;7906;7110;796;6;23;-17
138;18;5;Menino Deus;31786;30942;844;-3;11;-14
138;18;5;Moinhos de Vento;11960;11239;721;-11;14;-25
138;18;5;Praia de Belas;2211;1617;594;18;17;1
138;18;5;Rio Branco;17526;16680;846;33;20;13
138;18;5;Santa Cecília;5643;4926;717;18;13;5
138;18;5;Santana;20747;19922;825;9;12;-3
139;19;5;Azenha;13773;13014;759;-1;22;-23
139;19;5;Bom Fim;11354;10511;843;14;22;-8
139;19;5;Centro;39331;38531;800;-27;12;-39
139;19;5;Cidade Baixa;15267;14502;765;0;17;-17
139;19;5;Farroupilha;1354;317;1037;0;-1;1
139;19;5;Floresta;11623;10890;733;6;18;-12
139;19;5;Independência;7919;7133;786;13;23;-10
139;19;5;Menino Deus;31784;30959;825;-2;17;-19
139;19;5;Moinhos de Vento;11972;11255;717;12;16;-4
139;19;5;Praia de Belas;2226;1634;592;15;17;-2
139;19;5;Rio Branco;17510;16697;813;-16;17;-33
139;19;5;Santa Cecília;5662;4954;708;19;28;-9
139;19;5;Santana;20714;19939;775;-33;17;-50
140;20;5;Azenha;13768;12884;884;-5;-130;125
140;20;5;Bom Fim;11285;10312;973;-69;-199;130
140;20;5;Centro;39308;38419;889;-23;-112;89
140;20;5;Cidade Baixa;15257;14353;904;-10;-149;139
140;20;5;Farroupilha;1601;313;1288;247;-4;251
140;20;5;Floresta;11620;10760;860;-3;-130;127
140;20;5;Independência;7892;6961;931;-27;-172;145
140;20;5;Menino Deus;31716;30833;883;-68;-126;58
140;20;5;Moinhos de Vento;11964;11130;834;-8;-125;117
140;20;5;Praia de Belas;2238;1530;708;12;-104;116
140;20;5;Rio Branco;17489;16547;942;-21;-150;129
140;20;5;Santa Cecília;5639;4806;833;-23;-148;125
140;20;5;Santana;20712;19800;912;-2;-139;137
141;21;5;Azenha;13752;12899;853;-16;15;-31
141;21;5;Bom Fim;11306;10335;971;21;23;-2
141;21;5;Centro;39303;38429;874;-5;10;-15
141;21;5;Cidade Baixa;15248;14364;884;-9;11;-20
141;21;5;Farroupilha;1600;313;1287;-1;0;-1
141;21;5;Floresta;11621;10772;849;1;12;-11
141;21;5;Independência;7894;6976;918;2;15;-13
141;21;5;Menino Deus;31723;30847;876;7;14;-7
141;21;5;Moinhos de Vento;11959;11141;818;-5;11;-16
141;21;5;Praia de Belas;2252;1544;708;14;14;0
141;21;5;Rio Branco;17473;16559;914;-16;12;-28
141;21;5;Santa Cecília;5657;4825;832;18;19;-1
141;21;5;Santana;20701;19813;888;-11;13;-24
142;22;5;Azenha;13770;12943;827;18;44;-26
142;22;5;Bom Fim;11319;10385;934;13;50;-37
142;22;5;Centro;39218;38451;767;-85;22;-107
142;22;5;Cidade Baixa;15257;14409;848;9;45;-36
142;22;5;Farroupilha;1630;347;1283;30;34;-4
142;22;5;Floresta;11622;10805;817;1;33;-32
142;22;5;Independência;7927;7025;902;33;49;-16
142;22;5;Menino Deus;31669;30874;795;-54;27;-81
142;22;5;Moinhos de Vento;11969;11174;795;10;33;-23
142;22;5;Praia de Belas;2288;1582;706;36;38;-2
142;22;5;Rio Branco;17457;16593;864;-16;34;-50
142;22;5;Santa Cecília;5689;4867;822;32;42;-10
142;22;5;Santana;20674;19845;829;-27;32;-59
143;23;5;Azenha;13804;13804;0;34;861;-827
143;23;5;Bom Fim;11593;11593;0;274;1208;-934
143;23;5;Centro;39154;39154;0;-64;703;-767
143;23;5;Cidade Baixa;15379;15379;0;122;970;-848
143;23;5;Farroupilha;961;961;0;-669;614;-1283
143;23;5;Floresta;11596;11596;0;-26;791;-817
143;23;5;Independência;8112;8112;0;185;1087;-902
143;23;5;Menino Deus;31650;31650;0;-19;776;-795
143;23;5;Moinhos de Vento;11937;11937;0;-32;763;-795
143;23;5;Praia de Belas;2281;2281;0;-7;699;-706
143;23;5;Rio Branco;17531;17531;0;74;938;-864
143;23;5;Santa Cecília;5768;5768;0;79;901;-822
143;23;5;Santana;20723;20723;0;49;878;-829
144;0;6;Azenha;13806;13672;134;2;-132;134
144;0;6;Bom Fim;11568;11414;154;-25;-179;154
144;0;6;Centro;39171;39048;123;17;-106;123
144;0;6;Cidade Baixa;15375;15236;139;-4;-143;139
144;0;6;Farroupilha;940;792;148;-21;-169;148
144;0;6;Floresta;11608;11476;132;12;-120;132
144;0;6;Independência;8094;7946;148;-18;-166;148
144;0;6;Menino Deus;31660;31531;129;10;-119;129
144;0;6;Moinhos de Vento;11949;11820;129;12;-117;129
144;0;6;Praia de Belas;2295;2174;121;14;-107;121
144;0;6;Rio Branco;17529;17387;142;-2;-144;142
144;0;6;Santa Cecília;5768;5631;137;0;-137;137
144;0;6;Santana;20726;20592;134;3;-131;134
145;1;6;Azenha;13806;13672;134;0;0;0
145;1;6;Bom Fim;11568;11414;154;0;0;0
145;1;6;Centro;39171;39048;123;0;0;0
145;1;6;Cidade Baixa;15375;15236;139;0;0;0
145;1;6;Farroupilha;940;792;148;0;0;0
145;1;6;Floresta;11608;11476;132;0;0;0
145;1;6;Independência;8094;7946;148;0;0;0
145;1;6;Menino Deus;31660;31531;129;0;0;0
145;1;6;Moinhos de Vento;11949;11820;129;0;0;0
145;1;6;Praia de Belas;2295;2174;121;0;0;0
145;1;6;Rio Branco;17529;17387;142;0;0;0
145;1;6;Santa Cecília;5768;5631;137;0;0;0
145;1;6;Santana;20726;20592;134;0;0;0
146;2;6;Azenha;13806;13672;134;0;0;0
146;2;6;Bom Fim;11568;11414;154;0;0;0
146;2;6;Centro;39171;39048;123;0;0;0
146;2;6;Cidade Baixa;15375;15236;139;0;0;0
146;2;6;Farroupilha;940;792;148;0;0;0
146;2;6;Floresta;11608;11476;132;0;0;0
146;2;6;Independência;8094;7946;148;0;0;0
146;2;6;Menino Deus;31660;31531;129;0;0;0
146;2;6;Moinhos de Vento;11949;11820;129;0;0;0
146;2;6;Praia de Belas;2295;2174;121;0;0;0
146;2;6;Rio Branco;17529;17387;142;0;0;0
146;2;6;Santa Cecília;5768;5631;137;0;0;0
146;2;6;Santana;20726;20592;134;0;0;0
147;3;6;Azenha;13806;13672;134;0;0;0
147;3;6;Bom Fim;11568;11414;154;0;0;0
147;3;6;Centro;39171;39048;123;0;0;0
147;3;6;Cidade Baixa;15375;15236;139;0;0;0
147;3;6;Farroupilha;940;792;148;0;0;0
147;3;6;Floresta;11608;11476;132;0;0;0
147;3;6;Independência;8094;7946;148;0;0;0
147;3;6;Menino Deus;31660;31531;129;0;0;0
147;3;6;Moinhos de Vento;11949;11820;129;0;0;0
147;3;6;Praia de Belas;2295;2174;121;0;0;0
147;3;6;Rio Branco;17529;17387;142;0;0;0
147;3;6;Santa Cecília;5768;5631;137;0;0;0
147;3;6;Santana;20726;20592;134;0;0;0
148;4;6;Azenha;13804;13536;268;-2;-136;134
148;4;6;Bom Fim;11540;11232;308;-28;-182;154
148;4;6;Centro;39185;38939;246;14;-109;123
148;4;6;Cidade Baixa;15369;15091;278;-6;-145;139
148;4;6;Farroupilha;980;684;296;40;-108;148
148;4;6;Floresta;11618;11354;264;10;-122;132
148;4;6;Independência;8073;7777;296;-21;-169;148
148;4;6;Menino Deus;31667;31409;258;7;-122;129
148;4;6;Moinhos de Vento;11953;11701;252;4;-119;123
148;4;6;Praia de Belas;2303;2066;237;8;-108;116
148;4;6;Rio Branco;17518;17241;277;-11;-146;135
148;4;6;Santa Cecília;5759;5490;269;-9;-141;132
148;4;6;Santana;20720;20457;263;-6;-135;129
149;5;6;Azenha;13804;13536;268;0;0;0
149;5;6;Bom Fim;11540;11232;308;0;0;0
149;5;6;Centro;39185;38939;246;0;0;0
149;5;6;Cidade Baixa;15369;15091;278;0;0;0
149;5;6;Farroupilha;980;684;296;0;0;0
149;5;6;Floresta;11618;11354;264;0;0;0
149;5;6;Independência;8073;7777;296;0;0;0
149;5;6;Menino Deus;31667;31409;258;0;0;0
149;5;6;Moinhos de Vento;11953;11701;252;0;0;0
149;5;6;Praia de Belas;2303;2066;237;0;0;0
149;5;6;Rio Branco;17518;17241;277;0;0;0
149;5;6;Santa Cecília;5759;5490;269;0;0;0
149;5;6;Santana;20720;20457;263;0;0;0
150;6;6;Azenha;13804;13536;268;0;0;0
150;6;6;Bom Fim;11540;11232;308;0;0;0
150;6;6;Centro;39185;38939;246;0;0;0
150;6;6;Cidade Baixa;15369;15091;278;0;0;0
150;6;6;Farroupilha;980;684;296;0;0;0
150;6;6;Floresta;11618;11354;264;0;0;0
150;6;6;Independência;8073;7777;296;0;0;0
150;6;6;Menino Deus;31667;31409;258;0;0;0
150;6;6;Moinhos de Vento;11953;11701;252;0;0;0
150;6;6;Praia de Belas;2303;2066;237;0;0;0
150;6;6;Rio Branco;17518;17241;277;0;0;0
150;6;6;Santa Cecília;5759;5490;269;0;0;0
150;6;6;Santana;20720;20457;263;0;0;0
151;7;6;Azenha;13802;13500;302;-2;-36;34
151;7;6;Bom Fim;11527;11194;333;-13;-38;25
151;7;6;Centro;39250;38920;330;65;-19;84
151;7;6;Cidade Baixa;15378;15058;320;9;-33;42
151;7;6;Farroupilha;939;642;297;-41;-42;1
151;7;6;Floresta;11609;11326;283;-9;-28;19
151;7;6;Independência;8047;7739;308;-26;-38;12
151;7;6;Menino Deus;31718;31384;334;51;-25;76
151;7;6;Moinhos de Vento;11954;11676;278;1;-25;26
151;7;6;Praia de Belas;2270;2032;238;-33;-34;1
151;7;6;Rio Branco;17535;17214;321;17;-27;44
151;7;6;Santa Cecília;5729;5455;274;-30;-35;5
151;7;6;Santana;20731;20428;303;11;-29;40
152;8;6;Azenha;13772;13329;443;-30;-171;141
152;8;6;Bom Fim;11457;10967;490;-70;-227;157
152;8;6;Centro;39275;38791;484;25;-129;154
152;8;6;Cidade Baixa;15331;14872;459;-47;-186;139
152;8;6;Farroupilha;1129;584;545;190;-58;248
152;8;6;Floresta;11619;11179;440;10;-147;157
152;8;6;Independência;8002;7534;468;-45;-205;160
152;8;6;Menino Deus;31752;31239;513;34;-145;179
152;8;6;Moinhos de Vento;11942;11530;412;-12;-146;134
152;8;6;Praia de Belas;2251;1895;356;-19;-137;118
152;8;6;Rio Branco;17513;17039;474;-22;-175;153
152;8;6;Santa Cecília;5703;5280;423;-26;-175;149
152;8;6;Santana;20743;20262;481;12;-166;178
153;9;6;Azenha;13788;13324;464;16;-5;21
153;9;6;Bom Fim;11453;10951;502;-4;-16;12
153;9;6;Centro;39293;38782;511;18;-9;27
153;9;6;Cidade Baixa;15354;14862;492;23;-10;33
153;9;6;Farroupilha;1095;547;548;-34;-37;3
153;9;6;Floresta;11606;11167;439;-13;-12;-1
153;9;6;Independência;8009;7524;485;7;-10;17
153;9;6;Menino Deus;31738;31228;510;-14;-11;-3
153;9;6;Moinhos de Vento;11942;11521;421;0;-9;9
153;9;6;Praia de Belas;2241;1883;358;-10;-12;2
153;9;6;Rio Branco;17536;17030;506;23;-9;32
153;9;6;Santa Cecília;5691;5268;423;-12;-12;0
153;9;6;Santana;20743;20253;490;0;-9;9
154;10;6;Azenha;13798;13315;483;10;-9;19
154;10;6;Bom Fim;11455;10938;517;2;-13;15
154;10;6;Centro;39346;38779;567;53;-3;56
154;10;6;Cidade Baixa;15341;14846;495;-13;-16;3
154;10;6;Farroupilha;1062;512;550;-33;-35;2
154;10;6;Floresta;11600;11155;445;-6;-12;6
154;10;6;Independência;8000;7506;494;-9;-18;9
154;10;6;Menino Deus;31735;31220;515;-3;-8;5
154;10;6;Moinhos de Vento;11951;11511;440;9;-10;19
154;10;6;Praia de Belas;2232;1875;357;-9;-8;-1
154;10;6;Rio Branco;17540;17018;522;4;-12;16
154;10;6;Santa Cecília;5693;5260;433;2;-8;10
154;10;6;Santana;20736;20244;492;-7;-9;2
155;11;6;Azenha;13777;13320;457;-21;5;-26
155;11;6;Bom Fim;11453;10954;499;-2;16;-18
155;11;6;Centro;39293;38787;506;-53;8;-61
155;11;6;Cidade Baixa;15334;14856;478;-7;10;-17
155;11;6;Farroupilha;1062;511;551;0;-1;1
155;11;6;Floresta;11619;11170;449;19;15;4
155;11;6;Independência;8007;7524;483;7;18;-11
155;11;6;Menino Deus;31760;31233;527;25;13;12
155;11;6;Moinhos de Vento;11954;11524;430;3;13;-10
155;11;6;Praia de Belas;2245;1887;358;13;12;1
155;11;6;Rio Branco;17522;17028;494;-18;10;-28
155;11;6;Santa Cecília;5696;5271;425;3;11;-8
155;11;6;Santana;20767;20259;508;31;15;16
156;12;6;Azenha;13766;13172;594;-11;-148;137
156;12;6;Bom Fim;11403;10743;660;-50;-211;161
156;12;6;Centro;39304;38667;637;11;-120;131
156;12;6;Cidade Baixa;15335;14690;645;1;-166;167
156;12;6;Farroupilha;1180;401;779;118;-110;228
156;12;6;Floresta;11615;11037;578;-4;-133;129
156;12;6;Independência;7974;7340;634;-33;-184;151
156;12;6;Menino Deus;31745;31102;643;-15;-131;116
156;12;6;Moinhos de Vento;11952;11393;559;-2;-131;129
156;12;6;Praia de Belas;2243;1773;470;-2;-114;112
156;12;6;Rio Branco;17533;16870;663;11;-158;169
156;12;6;Santa Cecília;5679;5114;565;-17;-157;140
156;12;6;Santana;20760;20111;649;-7;-148;141
157;13;6;Azenha;13783;13158;625;17;-14;31
157;13;6;Bom Fim;11424;10726;698;21;-17;38
157;13;6;Centro;39389;38660;729;85;-7;92
157;13;6;Cidade Baixa;15308;14667;641;-27;-23;-4
157;13;6;Farroupilha;1145;364;781;-35;-37;2
157;13;6;Floresta;11608;11019;589;-7;-18;11
157;13;6;Independência;7949;7314;635;-25;-26;1
157;13;6;Menino Deus;31769;31089;680;24;-13;37
157;13;6;Moinhos de Vento;11965;11381;584;13;-12;25
157;13;6;Praia de Belas;2225;1755;470;-18;-18;0
157;13;6;Rio Branco;17519;16852;667;-14;-18;4
157;13;6;Santa Cecília;5673;5100;573;-6;-14;8
157;13;6;Santana;20732;20093;639;-28;-18;-10
158;14;6;Azenha;13786;13152;634;3;-6;9
158;14;6;Bom Fim;11410;10719;691;-14;-7;-7
158;14;6;Centro;39338;38650;688;-51;-10;-41
158;14;6;Cidade Baixa;15310;14665;645;2;-2;4
158;14;6;Farroupilha;1127;344;783;-18;-20;2
158;14;6;Floresta;11631;11021;610;23;2;21
158;14;6;Independência;7958;7311;647;9;-3;12
158;14;6;Menino Deus;31781;31088;693;12;-1;13
158;14;6;Moinhos de Vento;11952;11377;575;-13;-4;-9
158;14;6;Praia de Belas;2222;1751;471;-3;-4;1
158;14;6;Rio Branco;17537;16850;687;18;-2;20
158;14;6;Santa Cecília;5668;5093;575;-5;-7;2
158;14;6;Santana;20769;20090;679;37;-3;40
159;15;6;Azenha;13767;13131;636;-19;-21;2
159;15;6;Bom Fim;11395;10690;705;-15;-29;14
159;15;6;Centro;39457;38641;816;119;-9;128
159;15;6;Cidade Baixa;15333;14639;694;23;-26;49
159;15;6;Farroupilha;1107;321;786;-20;-23;3
159;15;6;Floresta;11597;10995;602;-34;-26;-8
159;15;6;Independência;7953;7288;665;-5;-23;18
159;15;6;Menino Deus;31763;31067;696;-18;-21;3
159;15;6;Moinhos de Vento;11963;11362;601;11;-15;26
159;15;6;Praia de Belas;2202;1729;473;-20;-22;2
159;15;6;Rio Branco;17525;16828;697;-12;-22;10
159;15;6;Santa Cecília;5655;5074;581;-13;-19;6
159;15;6;Santana;20772;20071;701;3;-19;22
160;16;6;Azenha;13739;12956;783;-28;-175;147
160;16;6;Bom Fim;11318;10452;866;-77;-238;161
160;16;6;Centro;39394;38496;898;-63;-145;82
160;16;6;Cidade Baixa;15294;14454;840;-39;-185;146
160;16;6;Farroupilha;1359;320;1039;252;-1;253
160;16;6;Floresta;11605;10843;762;8;-152;160
160;16;6;Independência;7904;7075;829;-49;-213;164
160;16;6;Menino Deus;31834;30923;911;71;-144;215
160;16;6;Moinhos de Vento;11976;11214;762;13;-148;161
160;16;6;Praia de Belas;2182;1585;597;-20;-144;124
160;16;6;Rio Branco;17517;16648;869;-8;-180;172
160;16;6;Santa Cecília;5621;4899;722;-34;-175;141
160;16;6;Santana;20746;19896;850;-26;-175;149
161;17;6;Azenha;13745;12975;770;6;19;-13
161;17;6;Bom Fim;11354;10472;882;36;20;16
161;17;6;Centro;39428;38508;920;34;12;22
161;17;6;Cidade Baixa;15288;14465;823;-6;11;-17
161;17;6;Farroupilha;1357;318;1039;-2;-2;0
161;17;6;Floresta;11605;10852;753;0;9;-9
161;17;6;Independência;7905;7088;817;1;13;-12
161;17;6;Menino Deus;31784;30928;856;-50;5;-55
161;17;6;Moinhos de Vento;11970;11224;746;-6;10;-16
161;17;6;Praia de Belas;2197;1600;597;15;15;0
161;17;6;Rio Branco;17489;16656;833;-28;8;-36
161;17;6;Santa Cecília;5630;4913;717;9;14;-5
161;17;6;Santana;20737;19909;828;-9;13;-22
162;18;6;Azenha;13774;12992;782;29;17;12
162;18;6;Bom Fim;11340;10489;851;-14;17;-31
162;18;6;Centro;39360;38519;841;-68;11;-79
162;18;6;Cidade Baixa;15270;14484;786;-18;19;-37
162;18;6;Farroupilha;1354;315;1039;-3;-3;0
162;18;6;Floresta;11608;10869;739;3;17;-14
162;18;6;Independência;7911;7111;800;6;23;-17
162;18;6;Menino Deus;31781;30939;842;-3;11;-14
162;18;6;Moinhos de Vento;11959;11238;721;-11;14;-25
162;18;6;Praia de Belas;2215;1617;598;18;17;1
162;18;6;Rio Branco;17523;16676;847;34;20;14
162;18;6;Santa Cecília;5648;4926;722;18;13;5
162;18;6;Santana;20746;19921;825;9;12;-3
163;19;6;Azenha;13773;13014;759;-1;22;-23
163;19;6;Bom Fim;11354;10511;843;14;22;-8
163;19;6;Centro;39332;38531;801;-28;12;-40
163;19;6;Cidade Baixa;15269;14501;768;-1;17;-18
163;19;6;Farroupilha;1354;314;1040;0;-1;1
163;19;6;Floresta;11614;10887;727;6;18;-12
163;19;6;Independência;7925;7134;791;14;23;-9
163;19;6;Menino Deus;31780;30956;824;-1;17;-18
163;19;6;Moinhos de Vento;11971;11254;717;12;16;-4
163;19;6;Praia de Belas;2230;1634;596;15;17;-2
163;19;6;Rio Branco;17507;16693;814;-16;17;-33
163;19;6;Santa Cecília;5667;4954;713;19;28;-9
163;19;6;Santana;20713;19938;775;-33;17;-50
164;20;6;Azenha;13769;12885;884;-4;-129;125
164;20;6;Bom Fim;11285;10312;973;-69;-199;130
164;20;6;Centro;39309;38419;890;-23;-112;89
164;20;6;Cidade Baixa;15259;14352;907;-10;-149;139
164;20;6;Farroupilha;1601;310;1291;247;-4;251
164;20;6;Floresta;11610;10757;853;-4;-130;126
164;20;6;Independência;7899;6962;937;-26;-172;146
164;20;6;Menino Deus;31712;30830;882;-68;-126;58
164;20;6;Moinhos de Vento;11963;11129;834;-8;-125;117
164;20;6;Praia de Belas;2241;1530;711;11;-104;115
164;20;6;Rio Branco;17486;16543;943;-21;-150;129
164;20;6;Santa Cecília;5644;4806;838;-23;-148;125
164;20;6;Santana;20711;19799;912;-2;-139;137
165;21;6;Azenha;13753;12900;853;-16;15;-31
165;21;6;Bom Fim;11306;10335;971;21;23;-2
165;21;6;Centro;39304;38429;875;-5;10;-15
165;21;6;Cidade Baixa;15250;14363;887;-9;11;-20
165;21;6;Farroupilha;1600;310;1290;-1;0;-1
165;21;6;Floresta;11611;10769;842;1;12;-11
165;21;6;Independência;7901;6977;924;2;15;-13
165;21;6;Menino Deus;31719;30844;875;7;14;-7
165;21;6;Moinhos de Vento;11958;11140;818;-5;11;-16
165;21;6;Praia de Belas;2255;1544;711;14;14;0
165;21;6;Rio Branco;17470;16555;915;-16;12;-28
165;21;6;Santa Cecília;5662;4825;837;18;19;-1
165;21;6;Santana;20700;19812;888;-11;13;-24
166;22;6;Azenha;13771;12944;827;18;44;-26
166;22;6;Bom Fim;11319;10385;934;13;50;-37
166;22;6;Centro;39218;38451;767;-86;22;-108
166;22;6;Cidade Baixa;15259;14408;851;9;45;-36
166;22;6;Farroupilha;1632;346;1286;32;36;-4
166;22;6;Floresta;11613;10803;810;2;34;-32
166;22;6;Independência;7934;7026;908;33;49;-16
166;22;6;Menino Deus;31665;30871;794;-54;27;-81
166;22;6;Moinhos de Vento;11968;11173;795;10;33;-23
166;22;6;Praia de Belas;2291;1582;709;36;38;-2
166;22;6;Rio Branco;17453;16589;864;-17;34;-51
166;22;6;Santa Cecília;5693;4867;826;31;42;-11
166;22;6;Santana;20673;19844;829;-27;32;-59
167;23;6;Azenha;13804;13804;0;33;860;-827
167;23;6;Bom Fim;11593;11593;0;274;1208;-934
167;23;6;Centro;39154;39154;0;-64;703;-767
167;23;6;Cidade Baixa;15379;15379;0;120;971;-851
167;23;6;Farroupilha;961;961;0;-671;615;-1286
167;23;6;Floresta;11596;11596;0;-17;793;-810
167;23;6;Independência;8112;8112;0;178;1086;-908
167;23;6;Menino Deus;31650;31650;0;-15;779;-794
167;23;6;Moinhos de Vento;11937;11937;0;-31;764;-795
167;23;6;Praia de Belas;2281;2281;0;-10;699;-709
167;23;6;Rio Branco;17531;17531;0;78;942;-864
167;23;6;Santa Cecília;5768;5768;0;75;901;-826
167;23;6;Santana;20723;20723;0;50;879;-829
168;0;7;Azenha;13806;13672;134;2;-132;134
168;0;7;Bom Fim;11568;11414;154;-25;-179;154
168;0;7;Centro;39171;39048;123;17;-106;123
168;0;7;Cidade Baixa;15375;15236;139;-4;-143;139
168;0;7;Farroupilha;940;792;148;-21;-169;148
168;0;7;Floresta;11608;11476;132;12;-120;132
168;0;7;Independência;8094;7946;148;-18;-166;148
168;0;7;Menino Deus;31660;31531;129;10;-119;129
168;0;7;Moinhos de Vento;11949;11820;129;12;-117;129
168;0;7;Praia de Belas;2295;2174;121;14;-107;121
168;0;7;Rio Branco;17529;17387;142;-2;-144;142
168;0;7;Santa Cecília;5768;5631;137;0;-137;137
168;0;7;Santana;20726;20592;134;3;-131;134
169;1;7;Azenha;13806;13672;134;0;0;0
169;1;7;Bom Fim;11568;11414;154;0;0;0
169;1;7;Centro;39171;39048;123;0;0;0
169;1;7;Cidade Baixa;15375;15236;139;0;0;0
169;1;7;Farroupilha;940;792;148;0;0;0
169;1;7;Floresta;11608;11476;132;0;0;0
169;1;7;Independência;8094;7946;148;0;0;0
169;1;7;Menino Deus;31660;31531;129;0;0;0
169;1;7;Moinhos de Vento;11949;11820;129;0;0;0
169;1;7;Praia de Belas;2295;2174;121;0;0;0
169;1;7;Rio Branco;17529;17387;142;0;0;0
169;1;7;Santa Cecília;5768;5631;137;0;0;0
169;1;7;Santana;20726;20592;134;0;0;0
170;2;7;Azenha;13806;13672;134;0;0;0
170;2;7;Bom Fim;11568;11414;154;0;0;0
170;2;7;Centro;39171;39048;123;0;0;0
170;2;7;Cidade Baixa;15375;15236;139;0;0;0
170;2;7;Farroupilha;940;792;148;0;0;0
170;2;7;Floresta;11608;11476;132;0;0;0
170;2;7;Independência;8094;7946;148;0;0;0
170;2;7;Menino Deus;31660;31531;129;0;0;0
170;2;7;Moinhos de Vento;11949;11820;129;0;0;0
170;2;7;Praia de Belas;2295;2174;121;0;0;0
170;2;7;Rio Branco;17529;17387;142;0;0;0
170;2;7;Santa Cecília;5768;5631;137;0;0;0
170;2;7;Santana;20726;20592;134;0;0;0
171;3;7;Azenha;13806;13672;134;0;0;0
171;3;7;Bom Fim;11568;11414;154;0;0;0
171;3;7;Centro;39171;39048;123;0;0;0
171;3;7;Cidade Baixa;15375;15236;139;0;0;0
171;3;7;Farroupilha;940;792;148;0;0;0
171;3;7;Floresta;11608;11476;132;0;0;0
171;3;7;Independência;8094;7946;148;0;0;0
171;3;7;Menino Deus;31660;31531;129;0;0;0
171;3;7;Moinhos de Vento;11949;11820;129;0;0;0
171;3;7;Praia de Belas;2295;2174;121;0;0;0
171;3;7;Rio Branco;17529;17387;142;0;0;0
171;3;7;Santa Cecília;5768;5631;137;0;0;0
171;3;7;Santana;20726;20592;134;0;0;0
172;4;7;Azenha;13804;13536;268;-2;-136;134
172;4;7;Bom Fim;11540;11232;308;-28;-182;154
172;4;7;Centro;39185;38939;246;14;-109;123
172;4;7;Cidade Baixa;15369;15091;278;-6;-145;139
172;4;7;Farroupilha;980;684;296;40;-108;148
172;4;7;Floresta;11618;11354;264;10;-122;132
172;4;7;Independência;8073;7777;296;-21;-169;148
172;4;7;Menino Deus;31667;31409;258;7;-122;129
172;4;7;Moinhos de Vento;11953;11701;252;4;-119;123
172;4;7;Praia de Belas;2303;2066;237;8;-108;116
172;4;7;Rio Branco;17518;17241;277;-11;-146;135
172;4;7;Santa Cecília;5759;5490;269;-9;-141;132
172;4;7;Santana;20720;20457;263;-6;-135;129
173;5;7;Azenha;13804;13536;268;0;0;0
173;5;7;Bom Fim;11540;11232;308;0;0;0
173;5;7;Centro;39185;38939;246;0;0;0
173;5;7;Cidade Baixa;15369;15091;278;0;0;0
173;5;7;Farroupilha;980;684;296;0;0;0
173;5;7;Floresta;11618;11354;264;0;0;0
173;5;7;Independência;8073;7777;296;0;0;0
173;5;7;Menino Deus;31667;31409;258;0;0;0
173;5;7;Moinhos de Vento;11953;11701;252;0;0;0
173;5;7;Praia de Belas;2303;2066;237;0;0;0
173;5;7;Rio Branco;17518;17241;277;0;0;0
173;5;7;Santa Cecília;5759;5490;269;0;0;0
173;5;7;Santana;20720;20457;263;0;0;0
174;6;7;Azenha;13804;13536;268;0;0;0
174;6;7;Bom Fim;11540;11232;308;0;0;0
174;6;7;Centro;39185;38939;246;0;0;0
174;6;7;Cidade Baixa;15369;15091;278;0;0;0
174;6;7;Farroupilha;980;684;296;0;0;0
174;6;7;Floresta;11618;11354;264;0;0;0
174;6;7;Independência;8073;7777;296;0;0;0
174;6;7;Menino Deus;31667;31409;258;0;0;0
174;6;7;Moinhos de Vento;11953;11701;252;0;0;0
174;6;7;Praia de Belas;2303;2066;237;0;0;0
174;6;7;Rio Branco;17518;17241;277;0;0;0
174;6;7;Santa Cecília;5759;5490;269;0;0;0
174;6;7;Santana;20720;20457;263;0;0;0
175;7;7;Azenha;13802;13500;302;-2;-36;34
175;7;7;Bom Fim;11527;11194;333;-13;-38;25
175;7;7;Centro;39250;38920;330;65;-19;84
175;7;7;Cidade Baixa;15378;15058;320;9;-33;42
175;7;7;Farroupilha;939;642;297;-41;-42;1
175;7;7;Floresta;11609;11326;283;-9;-28;19
175;7;7;Independência;8047;7739;308;-26;-38;12
175;7;7;Menino Deus;31718;31384;334;51;-25;76
175;7;7;Moinhos de Vento;11954;11676;278;1;-25;26
175;7;7;Praia de Belas;2270;2032;238;-33;-34;1
175;7;7;Rio Branco;17535;17214;321;17;-27;44
175;7;7;Santa Cecília;5729;5455;274;-30;-35;5
175;7;7;Santana;20731;20428;303;11;-29;40
176;8;7;Azenha;13774;13331;443;-28;-169;141
176;8;7;Bom Fim;11460;10970;490;-67;-224;157
176;8;7;Centro;39275;38792;483;25;-128;153
176;8;7;Cidade Baixa;15333;14874;459;-45;-184;139
176;8;7;Farroupilha;1128;582;546;189;-60;249
176;8;7;Floresta;11622;11182;440;13;-144;157
176;8;7;Independência;7994;7535;459;-53;-204;151
176;8;7;Menino Deus;31754;31241;513;36;-143;179
176;8;7;Moinhos de Vento;11944;11532;412;-10;-144;134
176;8;7;Praia de Belas;2247;1896;351;-23;-136;113
176;8;7;Rio Branco;17516;17042;474;-19;-172;153
176;8;7;Santa Cecília;5695;5281;414;-34;-174;140
176;8;7;Santana;20747;20266;481;16;-162;178
177;9;7;Azenha;13790;13326;464;16;-5;21
177;9;7;Bom Fim;11456;10954;502;-4;-16;12
177;9;7;Centro;39293;38783;510;18;-9;27
177;9;7;Cidade Baixa;15356;14864;492;23;-10;33
177;9;7;Farroupilha;1094;545;549;-34;-37;3
177;9;7;Floresta;11609;11170;439;-13;-12;-1
177;9;7;Independência;8001;7525;476;7;-10;17
177;9;7;Menino Deus;31740;31230;510;-14;-11;-3
177;9;7;Moinhos de Vento;11944;11523;421;0;-9;9
177;9;7;Praia de Belas;2237;1884;353;-10;-12;2
177;9;7;Rio Branco;17539;17033;506;23;-9;32
177;9;7;Santa Cecília;5683;5269;414;-12;-12;0
177;9;7;Santana;20747;20257;490;0;-9;9
178;10;7;Azenha;13800;13317;483;10;-9;19
178;10;7;Bom Fim;11458;10941;517;2;-13;15
178;10;7;Centro;39346;38780;566;53;-3;56
178;10;7;Cidade Baixa;15343;14848;495;-13;-16;3
178;10;7;Farroupilha;1063;512;551;-31;-33;2
178;10;7;Floresta;11603;11158;445;-6;-12;6
178;10;7;Independência;7991;7507;484;-10;-18;8
178;10;7;Menino Deus;31737;31222;515;-3;-8;5
178;10;7;Moinhos de Vento;11953;11513;440;9;-10;19
178;10;7;Praia de Belas;2228;1876;352;-9;-8;-1
178;10;7;Rio Branco;17543;17021;522;4;-12;16
178;10;7;Santa Cecília;5684;5261;423;1;-8;9
178;10;7;Santana;20740;20248;492;-7;-9;2
179;11;7;Azenha;13779;13322;457;-21;5;-26
179;11;7;Bom Fim;11456;10957;499;-2;16;-18
179;11;7;Centro;39293;38788;505;-53;8;-61
179;11;7;Cidade Baixa;15335;14857;478;-8;9;-17
179;11;7;Farroupilha;1063;511;552;0;-1;1
179;11;7;Floresta;11622;11173;449;19;15;4
179;11;7;Independência;8000;7525;475;9;18;-9
179;11;7;Menino Deus;31762;31235;527;25;13;12
179;11;7;Moinhos de Vento;11955;11525;430;2;12;-10
179;11;7;Praia de Belas;2241;1888;353;13;12;1
179;11;7;Rio Branco;17525;17031;494;-18;10;-28
179;11;7;Santa Cecília;5688;5271;417;4;10;-6
179;11;7;Santana;20770;20262;508;30;14;16
180;12;7;Azenha;13768;13174;594;-11;-148;137
180;12;7;Bom Fim;11406;10746;660;-50;-211;161
180;12;7;Centro;39306;38669;637;13;-119;132
180;12;7;Cidade Baixa;15336;14691;645;1;-166;167
180;12;7;Farroupilha;1176;400;776;113;-111;224
180;12;7;Floresta;11618;11040;578;-4;-133;129
180;12;7;Independência;7969;7341;628;-31;-184;153
180;12;7;Menino Deus;31748;31105;643;-14;-130;116
180;12;7;Moinhos de Vento;11952;11394;558;-3;-131;128
180;12;7;Praia de Belas;2239;1774;465;-2;-114;112
180;12;7;Rio Branco;17537;16874;663;12;-157;169
180;12;7;Santa Cecília;5671;5114;557;-17;-157;140
180;12;7;Santana;20763;20114;649;-7;-148;141
181;13;7;Azenha;13785;13160;625;17;-14;31
181;13;7;Bom Fim;11427;10729;698;21;-17;38
181;13;7;Centro;39391;38662;729;85;-7;92
181;13;7;Cidade Baixa;15309;14668;641;-27;-23;-4
181;13;7;Farroupilha;1141;363;778;-35;-37;2
181;13;7;Floresta;11611;11022;589;-7;-18;11
181;13;7;Independência;7945;7315;630;-24;-26;2
181;13;7;Menino Deus;31772;31092;680;24;-13;37
181;13;7;Moinhos de Vento;11965;11382;583;13;-12;25
181;13;7;Praia de Belas;2221;1756;465;-18;-18;0
181;13;7;Rio Branco;17523;16856;667;-14;-18;4
181;13;7;Santa Cecília;5665;5100;565;-6;-14;8
181;13;7;Santana;20734;20095;639;-29;-19;-10
182;14;7;Azenha;13787;13153;634;2;-7;9
182;14;7;Bom Fim;11413;10722;691;-14;-7;-7
182;14;7;Centro;39340;38652;688;-51;-10;-41
182;14;7;Cidade Baixa;15311;14666;645;2;-2;4
182;14;7;Farroupilha;1123;343;780;-18;-20;2
182;14;7;Floresta;11634;11024;610;23;2;21
182;14;7;Independência;7953;7311;642;8;-4;12
182;14;7;Menino Deus;31784;31091;693;12;-1;13
182;14;7;Moinhos de Vento;11952;11378;574;-13;-4;-9
182;14;7;Praia de Belas;2218;1752;466;-3;-4;1
182;14;7;Rio Branco;17541;16854;687;18;-2;20
182;14;7;Santa Cecília;5662;5093;569;-3;-7;4
182;14;7;Santana;20771;20092;679;37;-3;40
183;15;7;Azenha;13768;13132;636;-19;-21;2
183;15;7;Bom Fim;11397;10692;705;-16;-30;14
183;15;7;Centro;39458;38642;816;118;-10;128
183;15;7;Cidade Baixa;15330;14640;690;19;-26;45
183;15;7;Farroupilha;1107;324;783;-16;-19;3
183;15;7;Floresta;11600;10998;602;-34;-26;-8
183;15;7;Independência;7948;7288;660;-5;-23;18
183;15;7;Menino Deus;31766;31070;696;-18;-21;3
183;15;7;Moinhos de Vento;11963;11363;600;11;-15;26
183;15;7;Praia de Belas;2199;1730;469;-19;-22;3
183;15;7;Rio Branco;17529;16832;697;-12;-22;10
183;15;7;Santa Cecília;5650;5074;576;-12;-19;7
183;15;7;Santana;20774;20073;701;3;-19;22
184;16;7;Azenha;13740;12957;783;-28;-175;147
184;16;7;Bom Fim;11320;10454;866;-77;-238;161
184;16;7;Centro;39395;38497;898;-63;-145;82
184;16;7;Cidade Baixa;15291;14455;836;-39;-185;146
184;16;7;Farroupilha;1359;323;1036;252;-1;253
184;16;7;Floresta;11608;10846;762;8;-152;160
184;16;7;Independência;7899;7075;824;-49;-213;164
184;16;7;Menino Deus;31837;30926;911;71;-144;215
184;16;7;Moinhos de Vento;11976;11215;761;13;-148;161
184;16;7;Praia de Belas;2179;1586;593;-20;-144;124
184;16;7;Rio Branco;17521;16652;869;-8;-180;172
184;16;7;Santa Cecília;5616;4899;717;-34;-175;141
184;16;7;Santana;20748;19898;850;-26;-175;149
185;17;7;Azenha;13746;12976;770;6;19;-13
185;17;7;Bom Fim;11355;10473;882;35;19;16
185;17;7;Centro;39429;38509;920;34;12;22
185;17;7;Cidade Baixa;15285;14466;819;-6;11;-17
185;17;7;Farroupilha;1357;321;1036;-2;-2;0
185;17;7;Floresta;11608;10855;753;0;9;-9
185;17;7;Independência;7901;7088;813;2;13;-11
185;17;7;Menino Deus;31787;30931;856;-50;5;-55
185;17;7;Moinhos de Vento;11970;11225;745;-6;10;-16
185;17;7;Praia de Belas;2194;1601;593;15;15;0
185;17;7;Rio Branco;17493;16660;833;-28;8;-36
185;17;7;Santa Cecília;5625;4913;712;9;14;-5
185;17;7;Santana;20739;19911;828;-9;13;-22
186;18;7;Azenha;13775;12993;782;29;17;12
186;18;7;Bom Fim;11341;10490;851;-14;17;-31
186;18;7;Centro;39361;38520;841;-68;11;-79
186;18;7;Cidade Baixa;15268;14485;783;-17;19;-36
186;18;7;Farroupilha;1354;318;1036;-3;-3;0
186;18;7;Floresta;11611;10872;739;3;17;-14
186;18;7;Independência;7907;7111;796;6;23;-17
186;18;7;Menino Deus;31784;30942;842;-3;11;-14
186;18;7;Moinhos de Vento;11959;11239;720;-11;14;-25
186;18;7;Praia de Belas;2212;1618;594;18;17;1
186;18;7;Rio Branco;17526;16680;846;33;20;13
186;18;7;Santa Cecília;5643;4926;717;18;13;5
186;18;7;Santana;20748;19923;825;9;12;-3
187;19;7;Azenha;13774;13015;759;-1;22;-23
187;19;7;Bom Fim;11355;10512;843;14;22;-8
187;19;7;Centro;39333;38532;801;-28;12;-40
187;19;7;Cidade Baixa;15268;14502;766;0;17;-17
187;19;7;Farroupilha;1354;317;1037;0;-1;1
187;19;7;Floresta;11617;10890;727;6;18;-12
187;19;7;Independência;7921;7134;787;14;23;-9
187;19;7;Menino Deus;31782;30959;823;-2;17;-19
187;19;7;Moinhos de Vento;11971;11255;716;12;16;-4
187;19;7;Praia de Belas;2227;1635;592;15;17;-2
187;19;7;Rio Branco;17510;16697;813;-16;17;-33
187;19;7;Santa Cecília;5662;4954;708;19;28;-9
187;19;7;Santana;20715;19940;775;-33;17;-50
188;20;7;Azenha;13769;12885;884;-5;-130;125
188;20;7;Bom Fim;11286;10313;973;-69;-199;130
188;20;7;Centro;39310;38420;890;-23;-112;89
188;20;7;Cidade Baixa;15258;14353;905;-10;-149;139
188;20;7;Farroupilha;1601;313;1288;247;-4;251
188;20;7;Floresta;11614;10760;854;-3;-130;127
188;20;7;Independência;7894;6962;932;-27;-172;145
188;20;7;Menino Deus;31714;30833;881;-68;-126;58
188;20;7;Moinhos de Vento;11963;11130;833;-8;-125;117
188;20;7;Praia de Belas;2239;1531;708;12;-104;116
188;20;7;Rio Branco;17489;16547;942;-21;-150;129
188;20;7;Santa Cecília;5639;4806;833;-23;-148;125
188;20;7;Santana;20713;19801;912;-2;-139;137
189;21;7;Azenha;13753;12900;853;-16;15;-31
189;21;7;Bom Fim;11307;10336;971;21;23;-2
189;21;7;Centro;39305;38430;875;-5;10;-15
189;21;7;Cidade Baixa;15249;14364;885;-9;11;-20
189;21;7;Farroupilha;1600;313;1287;-1;0;-1
189;21;7;Floresta;11615;10772;843;1;12;-11
189;21;7;Independência;7896;6977;919;2;15;-13
189;21;7;Menino Deus;31721;30847;874;7;14;-7
189;21;7;Moinhos de Vento;11958;11141;817;-5;11;-16
189;21;7;Praia de Belas;2253;1545;708;14;14;0
189;21;7;Rio Branco;17473;16559;914;-16;12;-28
189;21;7;Santa Cecília;5657;4825;832;18;19;-1
189;21;7;Santana;20702;19814;888;-11;13;-24
190;22;7;Azenha;13771;12944;827;18;44;-26
190;22;7;Bom Fim;11320;10386;934;13;50;-37
190;22;7;Centro;39219;38452;767;-86;22;-108
190;22;7;Cidade Baixa;15258;14409;849;9;45;-36
190;22;7;Farroupilha;1631;348;1283;31;35;-4
190;22;7;Floresta;11616;10805;811;1;33;-32
190;22;7;Independência;7929;7026;903;33;49;-16
190;22;7;Menino Deus;31667;30874;793;-54;27;-81
190;22;7;Moinhos de Vento;11968;11174;794;10;33;-23
190;22;7;Praia de Belas;2289;1583;706;36;38;-2
190;22;7;Rio Branco;17457;16593;864;-16;34;-50
190;22;7;Santa Cecília;5689;4867;822;32;42;-10
190;22;7;Santana;20675;19846;829;-27;32;-59
191;23;7;Azenha;13804;13804;0;33;860;-827
191;23;7;Bom Fim;11593;11593;0;273;1207;-934
191;23;7;Centro;39154;39154;0;-65;702;-767
191;23;7;Cidade Baixa;15379;15379;0;121;970;-849
191;23;7;Farroupilha;961;961;0;-670;613;-1283
191;23;7;Floresta;11596;11596;0;-20;791;-811
191;23;7;Independência;8112;8112;0;183;1086;-903
191;23;7;Menino Deus;31650;31650;0;-17;776;-793
191;23;7;Moinhos de Vento;11937;11937;0;-31;763;-794
191;23;7;Praia de Belas;2281;2281;0;-8;698;-706
191;23;7;Rio Branco;17531;17531;0;74;938;-864
191;23;7;Santa Cecília;5768;5768;0;79;901;-822
191;23;7;Santana;20723;20723;0;48;877;-829
192;0;8;Azenha;13806;13672;134;2;-132;134
192;0;8;Bom Fim;11568;11414;154;-25;-179;154
192;0;8;Centro;39171;39048;123;17;-106;123
192;0;8;Cidade Baixa;15375;15236;139;-4;-143;139
192;0;8;Farroupilha;940;792;148;-21;-169;148
192;0;8;Floresta;11608;11476;132;12;-120;132
192;0;8;Independência;8094;7946;148;-18;-166;148
192;0;8;Menino Deus;31660;31531;129;10;-119;129
192;0;8;Moinhos de Vento;11949;11820;129;12;-117;129
192;0;8;Praia de Belas;2295;2174;121;14;-107;121
192;0;8;Rio Branco;17529;17387;142;-2;-144;142
192;0;8;Santa Cecília;5768;5631;137;0;-137;137
192;0;8;Santana;20726;20592;134;3;-131;134
193;1;8;Azenha;13806;13672;134;0;0;0
193;1;8;Bom Fim;11568;11414;154;0;0;0
193;1;8;Centro;39171;39048;123;0;0;0
193;1;8;Cidade Baixa;15375;15236;139;0;0;0
193;1;8;Farroupilha;940;792;148;0;0;0
193;1;8;Floresta;11608;11476;132;0;0;0
193;1;8;Independência;8094;7946;148;0;0;0
193;1;8;Menino Deus;31660;31531;129;0;0;0
193;1;8;Moinhos de Vento;11949;11820;129;0;0;0
193;1;8;Praia de Belas;2295;2174;121;0;0;0
193;1;8;Rio Branco;17529;17387;142;0;0;0
193;1;8;Santa Cecília;5768;5631;137;0;0;0
193;1;8;Santana;20726;20592;134;0;0;0
194;2;8;Azenha;13806;13672;134;0;0;0
194;2;8;Bom Fim;11568;11414;154;0;0;0
194;2;8;Centro;39171;39048;123;0;0;0
194;2;8;Cidade Baixa;15375;15236;139;0;0;0
194;2;8;Farroupilha;940;792;148;0;0;0
194;2;8;Floresta;11608;11476;132;0;0;0
194;2;8;Independência;8094;7946;148;0;0;0
194;2;8;Menino Deus;31660;31531;129;0;0;0
194;2;8;Moinhos de Vento;11949;11820;129;0;0;0
194;2;8;Praia de Belas;2295;2174;121;0;0;0
194;2;8;Rio Branco;17529;17387;142;0;0;0
194;2;8;Santa Cecília;5768;5631;137;0;0;0
194;2;8;Santana;20726;20592;134;0;0;0
195;3;8;Azenha;13806;13672;134;0;0;0
195;3;8;Bom Fim;11568;11414;154;0;0;0
195;3;8;Centro;39171;39048;123;0;0;0
195;3;8;Cidade Baixa;15375;15236;139;0;0;0
195;3;8;Farroupilha;940;792;148;0;0;0
195;3;8;Floresta;11608;11476;132;0;0;0
195;3;8;Independência;8094;7946;148;0;0;0
195;3;8;Menino Deus;31660;31531;129;0;0;0
195;3;8;Moinhos de Vento;11949;11820;129;0;0;0
195;3;8;Praia de Belas;2295;2174;121;0;0;0
195;3;8;Rio Branco;17529;17387;142;0;0;0
195;3;8;Santa Cecília;5768;5631;137;0;0;0
195;3;8;Santana;20726;20592;134;0;0;0
196;4;8;Azenha;13804;13536;268;-2;-136;134
196;4;8;Bom Fim;11540;11232;308;-28;-182;154
196;4;8;Centro;39185;38939;246;14;-109;123
196;4;8;Cidade Baixa;15369;15091;278;-6;-145;139
196;4;8;Farroupilha;980;684;296;40;-108;148
196;4;8;Floresta;11618;11354;264;10;-122;132
196;4;8;Independência;8073;7777;296;-21;-169;148
196;4;8;Menino Deus;31667;31409;258;7;-122;129
196;4;8;Moinhos de Vento;11953;11701;252;4;-119;123
196;4;8;Praia de Belas;2303;2066;237;8;-108;116
196;4;8;Rio Branco;17518;17241;277;-11;-146;135
196;4;8;Santa Cecília;5759;5490;269;-9;-141;132
196;4;8;Santana;20720;20457;263;-6;-135;129
197;5;8;Azenha;13804;13536;268;0;0;0
197;5;8;Bom Fim;11540;11232;308;0;0;0
197;5;8;Centro;39185;38939;246;0;0;0
197;5;8;Cidade Baixa;15369;15091;278;0;0;0
197;5;8;Farroupilha;980;684;296;0;0;0
197;5;8;Floresta;11618;11354;264;0;0;0
197;5;8;Independência;8073;7777;296;0;0;0
197;5;8;Menino Deus;31667;31409;258;0;0;0
197;5;8;Moinhos de Vento;11953;11701;252;0;0;0
197;5;8;Praia de Belas;2303;2066;237;0;0;0
197;5;8;Rio Branco;17518;17241;277;0;0;0
197;5;8;Santa Cecília;5759;5490;269;0;0;0
197;5;8;Santana;20720;20457;263;0;0;0
198;6;8;Azenha;13804;13536;268;0;0;0
198;6;8;Bom Fim;11540;11232;308;0;0;0
198;6;8;Centro;39185;38939;246;0;0;0
198;6;8;Cidade Baixa;15369;15091;278;0;0;0
198;6;8;Farroupilha;980;684;296;0;0;0
198;6;8;Floresta;11618;11354;264;0;0;0
198;6;8;Independência;8073;7777;296;0;0;0
198;6;8;Menino Deus;31667;31409;258;0;0;0
198;6;8;Moinhos de Vento;11953;11701;252;0;0;0
198;6;8;Praia de Belas;2303;2066;237;0;0;0
198;6;8;Rio Branco;17518;17241;277;0;0;0
198;6;8;Santa Cecília;5759;5490;269;0;0;0
198;6;8;Santana;20720;20457;263;0;0;0
199;7;8;Azenha;13802;13500;302;-2;-36;34
199;7;8;Bom Fim;11527;11194;333;-13;-38;25
199;7;8;Centro;39250;38920;330;65;-19;84
199;7;8;Cidade Baixa;15378;15058;320;9;-33;42
199;7;8;Farroupilha;939;642;297;-41;-42;1
199;7;8;Floresta;11609;11326;283;-9;-28;19
199;7;8;Independência;8047;7739;308;-26;-38;12
199;7;8;Menino Deus;31718;31384;334;51;-25;76
199;7;8;Moinhos de Vento;11954;11676;278;1;-25;26
199;7;8;Praia de Belas;2270;2032;238;-33;-34;1
199;7;8;Rio Branco;17535;17214;321;17;-27;44
199;7;8;Santa Cecília;5729;5455;274;-30;-35;5
199;7;8;Santana;20731;20428;303;11;-29;40
200;8;8;Azenha;13773;13330;443;-29;-170;141
200;8;8;Bom Fim;11471;10970;501;-56;-224;168
200;8;8;Centro;39274;38791;483;24;-129;153
200;8;8;Cidade Baixa;15330;14873;457;-48;-185;137
200;8;8;Farroupilha;1132;586;546;193;-56;249
200;8;8;Floresta;11621;11181;440;12;-145;157
200;8;8;Independência;7991;7532;459;-56;-207;151
200;8;8;Menino Deus;31754;31241;513;36;-143;179
200;8;8;Moinhos de Vento;11943;11531;412;-11;-145;134
200;8;8;Praia de Belas;2246;1895;351;-24;-137;113
200;8;8;Rio Branco;17514;17040;474;-21;-174;153
200;8;8;Santa Cecília;5694;5280;414;-35;-175;140
200;8;8;Santana;20746;20265;481;15;-163;178
201;9;8;Azenha;13789;13325;464;16;-5;21
201;9;8;Bom Fim;11468;10954;514;-3;-16;13
201;9;8;Centro;39292;38782;510;18;-9;27
201;9;8;Cidade Baixa;15353;14863;490;23;-10;33
201;9;8;Farroupilha;1097;548;549;-35;-38;3
201;9;8;Floresta;11608;11169;439;-13;-12;-1
201;9;8;Independência;7998;7522;476;7;-10;17
201;9;8;Menino Deus;31740;31230;510;-14;-11;-3
201;9;8;Moinhos de Vento;11943;11522;421;0;-9;9
201;9;8;Praia de Belas;2236;1883;353;-10;-12;2
201;9;8;Rio Branco;17537;17031;506;23;-9;32
201;9;8;Santa Cecília;5682;5268;414;-12;-12;0
201;9;8;Santana;20746;20256;490;0;-9;9
202;10;8;Azenha;13799;13316;483;10;-9;19
202;10;8;Bom Fim;11470;10941;529;2;-13;15
202;10;8;Centro;39345;38779;566;53;-3;56
202;10;8;Cidade Baixa;15340;14847;493;-13;-16;3
202;10;8;Farroupilha;1065;514;551;-32;-34;2
202;10;8;Floresta;11602;11157;445;-6;-12;6
202;10;8;Independência;7989;7505;484;-9;-17;8
202;10;8;Menino Deus;31737;31222;515;-3;-8;5
202;10;8;Moinhos de Vento;11952;11512;440;9;-10;19
202;10;8;Praia de Belas;2227;1875;352;-9;-8;-1
202;10;8;Rio Branco;17541;17019;522;4;-12;16
202;10;8;Santa Cecília;5683;5260;423;1;-8;9
202;10;8;Santana;20739;20247;492;-7;-9;2
203;11;8;Azenha;13778;13321;457;-21;5;-26
203;11;8;Bom Fim;11468;10957;511;-2;16;-18
203;11;8;Centro;39292;38787;505;-53;8;-61
203;11;8;Cidade Baixa;15332;14856;476;-8;9;-17
203;11;8;Farroupilha;1065;513;552;0;-1;1
203;11;8;Floresta;11621;11172;449;19;15;4
203;11;8;Independência;7998;7523;475;9;18;-9
203;11;8;Menino Deus;31762;31235;527;25;13;12
203;11;8;Moinhos de Vento;11954;11524;430;2;12;-10
203;11;8;Praia de Belas;2240;1887;353;13;12;1
203;11;8;Rio Branco;17523;17029;494;-18;10;-28
203;11;8;Santa Cecília;5687;5270;417;4;10;-6
203;11;8;Santana;20769;20261;508;30;14;16
204;12;8;Azenha;13767;13173;594;-11;-148;137
204;12;8;Bom Fim;11417;10745;672;-51;-212;161
204;12;8;Centro;39304;38667;637;12;-120;132
204;12;8;Cidade Baixa;15333;14690;643;1;-166;167
204;12;8;Farroupilha;1183;401;782;118;-112;230
204;12;8;Floresta;11615;11038;577;-6;-134;128
204;12;8;Independência;7967;7339;628;-31;-184;153
204;12;8;Menino Deus;31747;31104;643;-15;-131;116
204;12;8;Moinhos de Vento;11953;11393;560;-1;-131;130
204;12;8;Praia de Belas;2237;1772;465;-3;-115;112
204;12;8;Rio Branco;17534;16871;663;11;-158;169
204;12;8;Santa Cecília;5670;5113;557;-17;-157;140
204;12;8;Santana;20762;20113;649;-7;-148;141
205;13;8;Azenha;13784;13159;625;17;-14;31
205;13;8;Bom Fim;11438;10728;710;21;-17;38
205;13;8;Centro;39389;38660;729;85;-7;92
205;13;8;Cidade Baixa;15307;14667;640;-26;-23;-3
205;13;8;Farroupilha;1147;363;784;-36;-38;2
205;13;8;Floresta;11608;11020;588;-7;-18;11
205;13;8;Independência;7943;7313;630;-24;-26;2
205;13;8;Menino Deus;31771;31091;680;24;-13;37
205;13;8;Moinhos de Vento;11966;11381;585;13;-12;25
205;13;8;Praia de Belas;2219;1754;465;-18;-18;0
205;13;8;Rio Branco;17520;16853;667;-14;-18;4
205;13;8;Santa Cecília;5664;5099;565;-6;-14;8
205;13;8;Santana;20733;20094;639;-29;-19;-10
206;14;8;Azenha;13786;13152;634;2;-7;9
206;14;8;Bom Fim;11423;10721;702;-15;-7;-8
206;14;8;Centro;39338;38650;688;-51;-10;-41
206;14;8;Cidade Baixa;15309;14665;644;2;-2;4
206;14;8;Farroupilha;1129;343;786;-18;-20;2
206;14;8;Floresta;11631;11022;609;23;2;21
206;14;8;Independência;7952;7310;642;9;-3;12
206;14;8;Menino Deus;31783;31090;693;12;-1;13
206;14;8;Moinhos de Vento;11953;11377;576;-13;-4;-9
206;14;8;Praia de Belas;2216;1750;466;-3;-4;1
206;14;8;Rio Branco;17538;16851;687;18;-2;20
206;14;8;Santa Cecília;5661;5092;569;-3;-7;4
206;14;8;Santana;20770;20091;679;37;-3;40
207;15;8;Azenha;13767;13131;636;-19;-21;2
207;15;8;Bom Fim;11407;10691;716;-16;-30;14
207;15;8;Centro;39456;38640;816;118;-10;128
207;15;8;Cidade Baixa;15334;14639;695;25;-26;51
207;15;8;Farroupilha;1107;318;789;-22;-25;3
207;15;8;Floresta;11597;10996;601;-34;-26;-8
207;15;8;Independência;7947;7287;660;-5;-23;18
207;15;8;Menino Deus;31765;31069;696;-18;-21;3
207;15;8;Moinhos de Vento;11964;11362;602;11;-15;26
207;15;8;Praia de Belas;2197;1728;469;-19;-22;3
207;15;8;Rio Branco;17526;16829;697;-12;-22;10
207;15;8;Santa Cecília;5649;5073;576;-12;-19;7
207;15;8;Santana;20773;20072;701;3;-19;22
208;16;8;Azenha;13739;12956;783;-28;-175;147
208;16;8;Bom Fim;11328;10453;875;-79;-238;159
208;16;8;Centro;39393;38495;898;-63;-145;82
208;16;8;Cidade Baixa;15296;14455;841;-38;-184;146
208;16;8;Farroupilha;1359;317;1042;252;-1;253
208;16;8;Floresta;11605;10844;761;8;-152;160
208;16;8;Independência;7898;7074;824;-49;-213;164
208;16;8;Menino Deus;31836;30925;911;71;-144;215
208;16;8;Moinhos de Vento;11977;11214;763;13;-148;161
208;16;8;Praia de Belas;2177;1584;593;-20;-144;124
208;16;8;Rio Branco;17519;16650;869;-7;-179;172
208;16;8;Santa Cecília;5615;4898;717;-34;-175;141
208;16;8;Santana;20747;19897;850;-26;-175;149
209;17;8;Azenha;13745;12975;770;6;19;-13
209;17;8;Bom Fim;11362;10472;890;34;19;15
209;17;8;Centro;39427;38507;920;34;12;22
209;17;8;Cidade Baixa;15290;14466;824;-6;11;-17
209;17;8;Farroupilha;1357;315;1042;-2;-2;0
209;17;8;Floresta;11605;10853;752;0;9;-9
209;17;8;Independência;7900;7087;813;2;13;-11
209;17;8;Menino Deus;31786;30930;856;-50;5;-55
209;17;8;Moinhos de Vento;11971;11224;747;-6;10;-16
209;17;8;Praia de Belas;2193;1600;593;16;16;0
209;17;8;Rio Branco;17491;16658;833;-28;8;-36
209;17;8;Santa Cecília;5624;4912;712;9;14;-5
209;17;8;Santana;20738;19910;828;-9;13;-22
210;18;8;Azenha;13774;12992;782;29;17;12
210;18;8;Bom Fim;11348;10489;859;-14;17;-31
210;18;8;Centro;39359;38518;841;-68;11;-79
210;18;8;Cidade Baixa;15272;14485;787;-18;19;-37
210;18;8;Farroupilha;1354;312;1042;-3;-3;0
210;18;8;Floresta;11608;10870;738;3;17;-14
210;18;8;Independência;7906;7110;796;6;23;-17
210;18;8;Menino Deus;31783;30941;842;-3;11;-14
210;18;8;Moinhos de Vento;11960;11238;722;-11;14;-25
210;18;8;Praia de Belas;2211;1617;594;18;17;1
210;18;8;Rio Branco;17525;16678;847;34;20;14
210;18;8;Santa Cecília;5642;4925;717;18;13;5
210;18;8;Santana;20747;19922;825;9;12;-3
211;19;8;Azenha;13773;13014;759;-1;22;-23
211;19;8;Bom Fim;11361;10511;850;13;22;-9
211;19;8;Centro;39331;38530;801;-28;12;-40
211;19;8;Cidade Baixa;15271;14502;769;-1;17;-18
211;19;8;Farroupilha;1354;311;1043;0;-1;1
211;19;8;Floresta;11614;10888;726;6;18;-12
211;19;8;Independência;7920;7133;787;14;23;-9
211;19;8;Menino Deus;31782;30958;824;-1;17;-18
211;19;8;Moinhos de Vento;11972;11254;718;12;16;-4
211;19;8;Praia de Belas;2226;1634;592;15;17;-2
211;19;8;Rio Branco;17509;16695;814;-16;17;-33
211;19;8;Santa Cecília;5661;4953;708;19;28;-9
211;19;8;Santana;20715;19940;775;-32;18;-50
212;20;8;Azenha;13769;12885;884;-4;-129;125
212;20;8;Bom Fim;11291;10312;979;-70;-199;129
212;20;8;Centro;39308;38418;890;-23;-112;89
212;20;8;Cidade Baixa;15261;14353;908;-10;-149;139
212;20;8;Farroupilha;1601;307;1294;247;-4;251
212;20;8;Floresta;11611;10758;853;-3;-130;127
212;20;8;Independência;7893;6961;932;-27;-172;145
212;20;8;Menino Deus;31714;30832;882;-68;-126;58
212;20;8;Moinhos de Vento;11964;11129;835;-8;-125;117
212;20;8;Praia de Belas;2238;1530;708;12;-104;116
212;20;8;Rio Branco;17488;16545;943;-21;-150;129
212;20;8;Santa Cecília;5638;4805;833;-23;-148;125
212;20;8;Santana;20713;19801;912;-2;-139;137
213;21;8;Azenha;13753;12900;853;-16;15;-31
213;21;8;Bom Fim;11309;10335;974;18;23;-5
213;21;8;Centro;39304;38429;875;-4;11;-15
213;21;8;Cidade Baixa;15252;14364;888;-9;11;-20
213;21;8;Farroupilha;1600;307;1293;-1;0;-1
213;21;8;Floresta;11613;10771;842;2;13;-11
213;21;8;Independência;7895;6976;919;2;15;-13
213;21;8;Menino Deus;31721;30846;875;7;14;-7
213;21;8;Moinhos de Vento;11959;11140;819;-5;11;-16
213;21;8;Praia de Belas;2252;1544;708;14;14;0
213;21;8;Rio Branco;17472;16557;915;-16;12;-28
213;21;8;Santa Cecília;5657;4825;832;19;20;-1
213;21;8;Santana;20702;19814;888;-11;13;-24
214;22;8;Azenha;13771;12944;827;18;44;-26
214;22;8;Bom Fim;11322;10385;937;13;50;-37
214;22;8;Centro;39218;38451;767;-86;22;-108
214;22;8;Cidade Baixa;15261;14409;852;9;45;-36
214;22;8;Farroupilha;1632;343;1289;32;36;-4
214;22;8;Floresta;11614;10804;810;1;33;-32
214;22;8;Independência;7928;7025;903;33;49;-16
214;22;8;Menino Deus;31667;30873;794;-54;27;-81
214;22;8;Moinhos de Vento;11969;11173;796;10;33;-23
214;22;8;Praia de Belas;2288;1582;706;36;38;-2
214;22;8;Rio Branco;17455;16591;864;-17;34;-51
214;22;8;Santa Cecília;5689;4867;822;32;42;-10
214;22;8;Santana;20675;19846;829;-27;32;-59
215;23;8;Azenha;13804;13804;0;33;860;-827
215;23;8;Bom Fim;11593;11593;0;271;1208;-937
215;23;8;Centro;39154;39154;0;-64;703;-767
215;23;8;Cidade Baixa;15379;15379;0;118;970;-852
215;23;8;Farroupilha;961;961;0;-671;618;-1289
215;23;8;Floresta;11596;11596;0;-18;792;-810
215;23;8;Independência;8112;8112;0;184;1087;-903
215;23;8;Menino Deus;31650;31650;0;-17;777;-794
215;23;8;Moinhos de Vento;11937;11937;0;-32;764;-796
215;23;8;Praia de Belas;2281;2281;0;-7;699;-706
215;23;8;Rio Branco;17531;17531;0;76;940;-864
215;23;8;Santa Cecília;5768;5768;0;79;901;-822
215;23;8;Santana;20723;20723;0;48;877;-829
216;0;9;Azenha;13806;13672;134;2;-132;134
216;0;9;Bom Fim;11568;11414;154;-25;-179;154
216;0;9;Centro;39171;39048;123;17;-106;123
216;0;9;Cidade Baixa;15375;15236;139;-4;-143;139
216;0;9;Farroupilha;940;792;148;-21;-169;148
216;0;9;Floresta;11608;11476;132;12;-120;132
216;0;9;Independência;8094;7946;148;-18;-166;148
216;0;9;Menino Deus;31660;31531;129;10;-119;129
216;0;9;Moinhos de Vento;11949;11820;129;12;-117;129
216;0;9;Praia de Belas;2295;2174;121;14;-107;121
216;0;9;Rio Branco;17529;17387;142;-2;-144;142
216;0;9;Santa Cecília;5768;5631;137;0;-137;137
216;0;9;Santana;20726;20592;134;3;-131;134
217;1;9;Azenha;13806;13672;134;0;0;0
217;1;9;Bom Fim;11568;11414;154;0;0;0
217;1;9;Centro;39171;39048;123;0;0;0
217;1;9;Cidade Baixa;15375;15236;139;0;0;0
217;1;9;Farroupilha;940;792;148;0;0;0
217;1;9;Floresta;11608;11476;132;0;0;0
217;1;9;Independência;8094;7946;148;0;0;0
217;1;9;Menino Deus;31660;31531;129;0;0;0
217;1;9;Moinhos de Vento;11949;11820;129;0;0;0
217;1;9;Praia de Belas;2295;2174;121;0;0;0
217;1;9;Rio Branco;17529;17387;142;0;0;0
217;1;9;Santa Cecília;5768;5631;137;0;0;0
217;1;9;Santana;20726;20592;134;0;0;0
218;2;9;Azenha;13806;13672;134;0;0;0
218;2;9;Bom Fim;11568;11414;154;0;0;0
218;2;9;Centro;39171;39048;123;0;0;0
218;2;9;Cidade Baixa;15375;15236;139;0;0;0
218;2;9;Farroupilha;940;792;148;0;0;0
218;2;9;Floresta;11608;11476;132;0;0;0
218;2;9;Independência;8094;7946;148;0;0;0
218;2;9;Menino Deus;31660;31531;129;0;0;0
218;2;9;Moinhos de Vento;11949;11820;129;0;0;0
218;2;9;Praia de Belas;2295;2174;121;0;0;0
218;2;9;Rio Branco;17529;17387;142;0;0;0
218;2;9;Santa Cecília;5768;5631;137;0;0;0
218;2;9;Santana;20726;20592;134;0;0;0
219;3;9;Azenha;13806;13672;134;0;0;0
219;3;9;Bom Fim;11568;11414;154;0;0;0
219;3;9;Centro;39171;39048;123;0;0;0
219;3;9;Cidade Baixa;15375;15236;139;0;0;0
219;3;9;Farroupilha;940;792;148;0;0;0
219;3;9;Floresta;11608;11476;132;0;0;0
219;3;9;Independência;8094;7946;148;0;0;0
219;3;9;Menino Deus;31660;31531;129;0;0;0
219;3;9;Moinhos de Vento;11949;11820;129;0;0;0
219;3;9;Praia de Belas;2295;2174;121;0;0;0
219;3;9;Rio Branco;17529;17387;142;0;0;0
219;3;9;Santa Cecília;5768;5631;137;0;0;0
219;3;9;Santana;20726;20592;134;0;0;0
220;4;9;Azenha;13804;13536;268;-2;-136;134
220;4;9;Bom Fim;11540;11232;308;-28;-182;154
220;4;9;Centro;39185;38939;246;14;-109;123
220;4;9;Cidade Baixa;15369;15091;278;-6;-145;139
220;4;9;Farroupilha;980;684;296;40;-108;148
220;4;9;Floresta;11618;11354;264;10;-122;132
220;4;9;Independência;8073;7777;296;-21;-169;148
220;4;9;Menino Deus;31667;31409;258;7;-122;129
220;4;9;Moinhos de Vento;11953;11701;252;4;-119;123
220;4;9;Praia de Belas;2303;2066;237;8;-108;116
220;4;9;Rio Branco;17518;17241;277;-11;-146;135
220;4;9;Santa Cecília;5759;5490;269;-9;-141;132
220;4;9;Santana;20720;20457;263;-6;-135;129
221;5;9;Azenha;13804;13536;268;0;0;0
221;5;9;Bom Fim;11540;11232;308;0;0;0
221;5;9;Centro;39185;38939;246;0;0;0
221;5;9;Cidade Baixa;15369;15091;278;0;0;0
221;5;9;Farroupilha;980;684;296;0;0;0
221;5;9;Floresta;11618;11354;264;0;0;0
221;5;9;Independência;8073;7777;296;0;0;0
221;5;9;Menino Deus;31667;31409;258;0;0;0
221;5;9;Moinhos de Vento;11953;11701;252;0;0;0
221;5;9;Praia de Belas;2303;2066;237;0;0;0
221;5;9;Rio Branco;17518;17241;277;0;0;0
221;5;9;Santa Cecília;5759;5490;269;0;0;0
221;5;9;Santana;20720;20457;263;0;0;0
222;6;9;Azenha;13804;13536;268;0;0;0
222;6;9;Bom Fim;11540;11232;308;0;0;0
222;6;9;Centro;39185;38939;246;0;0;0
222;6;9;Cidade Baixa;15369;15091;278;0;0;0
222;6;9;Farroupilha;980;684;296;0;0;0
222;6;9;Floresta;11618;11354;264;0;0;0
222;6;9;Independência;8073;7777;296;0;0;0
222;6;9;Menino Deus;31667;31409;258;0;0;0
222;6;9;Moinhos de Vento;11953;11701;252;0;0;0
222;6;9;Praia de Belas;2303;2066;237;0;0;0
222;6;9;Rio Branco;17518;17241;277;0;0;0
222;6;9;Santa Cecília;5759;5490;269;0;0;0
222;6;9;Santana;20720;20457;263;0;0;0
223;7;9;Azenha;13802;13500;302;-2;-36;34
223;7;9;Bom Fim;11527;11194;333;-13;-38;25
223;7;9;Centro;39250;38920;330;65;-19;84
223;7;9;Cidade Baixa;15378;15058;320;9;-33;42
223;7;9;Farroupilha;939;642;297;-41;-42;1
223;7;9;Floresta;11609;11326;283;-9;-28;19
223;7;9;Independência;8047;7739;308;-26;-38;12
223;7;9;Menino Deus;31718;31384;334;51;-25;76
223;7;9;Moinhos de Vento;11954;11676;278;1;-25;26
223;7;9;Praia de Belas;2270;2032;238;-33;-34;1
223;7;9;Rio Branco;17535;17214;321;17;-27;44
223;7;9;Santa Cecília;5729;5455;274;-30;-35;5
223;7;9;Santana;20731;20428;303;11;-29;40
224;8;9;Azenha;13774;13331;443;-28;-169;141
224;8;9;Bom Fim;11460;10970;490;-67;-224;157
224;8;9;Centro;39276;38792;484;26;-128;154
224;8;9;Cidade Baixa;15333;14874;459;-45;-184;139
224;8;9;Farroupilha;1128;582;546;189;-60;249
224;8;9;Floresta;11622;11182;440;13;-144;157
224;8;9;Independência;7994;7535;459;-53;-204;151
224;8;9;Menino Deus;31754;31241;513;36;-143;179
224;8;9;Moinhos de Vento;11943;11532;411;-11;-144;133
224;8;9;Praia de Belas;2247;1896;351;-23;-136;113
224;8;9;Rio Branco;17516;17042;474;-19;-172;153
224;8;9;Santa Cecília;5695;5281;414;-34;-174;140
224;8;9;Santana;20747;20266;481;16;-162;178
225;9;9;Azenha;13790;13326;464;16;-5;21
225;9;9;Bom Fim;11456;10954;502;-4;-16;12
225;9;9;Centro;39294;38783;511;18;-9;27
225;9;9;Cidade Baixa;15356;14864;492;23;-10;33
225;9;9;Farroupilha;1094;545;549;-34;-37;3
225;9;9;Floresta;11609;11170;439;-13;-12;-1
225;9;9;Independência;8001;7525;476;7;-10;17
225;9;9;Menino Deus;31740;31230;510;-14;-11;-3
225;9;9;Moinhos de Vento;11943;11523;420;0;-9;9
225;9;9;Praia de Belas;2237;1884;353;-10;-12;2
225;9;9;Rio Branco;17539;17033;506;23;-9;32
225;9;9;Santa Cecília;5683;5269;414;-12;-12;0
225;9;9;Santana;20747;20257;490;0;-9;9
226;10;9;Azenha;13800;13317;483;10;-9;19
226;10;9;Bom Fim;11458;10941;517;2;-13;15
226;10;9;Centro;39347;38780;567;53;-3;56
226;10;9;Cidade Baixa;15343;14848;495;-13;-16;3
226;10;9;Farroupilha;1063;512;551;-31;-33;2
226;10;9;Floresta;11603;11158;445;-6;-12;6
226;10;9;Independência;7991;7507;484;-10;-18;8
226;10;9;Menino Deus;31737;31222;515;-3;-8;5
226;10;9;Moinhos de Vento;11952;11513;439;9;-10;19
226;10;9;Praia de Belas;2228;1876;352;-9;-8;-1
226;10;9;Rio Branco;17543;17021;522;4;-12;16
226;10;9;Santa Cecília;5684;5261;423;1;-8;9
226;10;9;Santana;20740;20248;492;-7;-9;2
227;11;9;Azenha;13779;13322;457;-21;5;-26
227;11;9;Bom Fim;11456;10957;499;-2;16;-18
227;11;9;Centro;39294;38788;506;-53;8;-61
227;11;9;Cidade Baixa;15335;14857;478;-8;9;-17
227;11;9;Farroupilha;1062;510;552;-1;-2;1
227;11;9;Floresta;11622;11173;449;19;15;4
227;11;9;Independência;8000;7525;475;9;18;-9
227;11;9;Menino Deus;31762;31235;527;25;13;12
227;11;9;Moinhos de Vento;11955;11525;430;3;12;-9
227;11;9;Praia de Belas;2241;1888;353;13;12;1
227;11;9;Rio Branco;17525;17031;494;-18;10;-28
227;11;9;Santa Cecília;5688;5271;417;4;10;-6
227;11;9;Santana;20770;20262;508;30;14;16
228;12;9;Azenha;13767;13173;594;-12;-149;137
228;12;9;Bom Fim;11406;10746;660;-50;-211;161
228;12;9;Centro;39305;38668;637;11;-120;131
228;12;9;Cidade Baixa;15336;14691;645;1;-166;167
228;12;9;Farroupilha;1183;403;780;121;-107;228
228;12;9;Floresta;11616;11039;577;-6;-134;128
228;12;9;Independência;7968;7340;628;-32;-185;153
228;12;9;Menino Deus;31750;31104;646;-12;-131;119
228;12;9;Moinhos de Vento;11950;11394;556;-5;-131;126
228;12;9;Praia de Belas;2240;1774;466;-1;-114;113
228;12;9;Rio Branco;17535;16872;663;10;-159;169
228;12;9;Santa Cecília;5671;5114;557;-17;-157;140
228;12;9;Santana;20762;20113;649;-8;-149;141
229;13;9;Azenha;13784;13159;625;17;-14;31
229;13;9;Bom Fim;11427;10729;698;21;-17;38
229;13;9;Centro;39390;38661;729;85;-7;92
229;13;9;Cidade Baixa;15309;14668;641;-27;-23;-4
229;13;9;Farroupilha;1148;366;782;-35;-37;2
229;13;9;Floresta;11609;11021;588;-7;-18;11
229;13;9;Independência;7944;7314;630;-24;-26;2
229;13;9;Menino Deus;31774;31091;683;24;-13;37
229;13;9;Moinhos de Vento;11963;11382;581;13;-12;25
229;13;9;Praia de Belas;2222;1756;466;-18;-18;0
229;13;9;Rio Branco;17521;16854;667;-14;-18;4
229;13;9;Santa Cecília;5665;5100;565;-6;-14;8
229;13;9;Santana;20733;20094;639;-29;-19;-10
230;14;9;Azenha;13786;13152;634;2;-7;9
230;14;9;Bom Fim;11413;10722;691;-14;-7;-7
230;14;9;Centro;39339;38651;688;-51;-10;-41
230;14;9;Cidade Baixa;15311;14666;645;2;-2;4
230;14;9;Farroupilha;1129;345;784;-19;-21;2
230;14;9;Floresta;11632;11023;609;23;2;21
230;14;9;Independência;7953;7311;642;9;-3;12
230;14;9;Menino Deus;31785;31090;695;11;-1;12
230;14;9;Moinhos de Vento;11950;11378;572;-13;-4;-9
230;14;9;Praia de Belas;2219;1752;467;-3;-4;1
230;14;9;Rio Branco;17540;16853;687;19;-1;20
230;14;9;Santa Cecília;5662;5093;569;-3;-7;4
230;14;9;Santana;20770;20091;679;37;-3;40
231;15;9;Azenha;13767;13131;636;-19;-21;2
231;15;9;Bom Fim;11397;10692;705;-16;-30;14
231;15;9;Centro;39457;38641;816;118;-10;128
231;15;9;Cidade Baixa;15336;14640;696;25;-26;51
231;15;9;Farroupilha;1107;320;787;-22;-25;3
231;15;9;Floresta;11598;10997;601;-34;-26;-8
231;15;9;Independência;7948;7288;660;-5;-23;18
231;15;9;Menino Deus;31767;31069;698;-18;-21;3
231;15;9;Moinhos de Vento;11961;11363;598;11;-15;26
231;15;9;Praia de Belas;2200;1730;470;-19;-22;3
231;15;9;Rio Branco;17528;16831;697;-12;-22;10
231;15;9;Santa Cecília;5650;5074;576;-12;-19;7
231;15;9;Santana;20773;20072;701;3;-19;22
232;16;9;Azenha;13739;12956;783;-28;-175;147
232;16;9;Bom Fim;11320;10454;866;-77;-238;161
232;16;9;Centro;39394;38496;898;-63;-145;82
232;16;9;Cidade Baixa;15297;14455;842;-39;-185;146
232;16;9;Farroupilha;1359;319;1040;252;-1;253
232;16;9;Floresta;11606;10845;761;8;-152;160
232;16;9;Independência;7899;7075;824;-49;-213;164
232;16;9;Menino Deus;31838;30925;913;71;-144;215
232;16;9;Moinhos de Vento;11974;11215;759;13;-148;161
232;16;9;Praia de Belas;2180;1586;594;-20;-144;124
232;16;9;Rio Branco;17520;16651;869;-8;-180;172
232;16;9;Santa Cecília;5616;4899;717;-34;-175;141
232;16;9;Santana;20747;19897;850;-26;-175;149
233;17;9;Azenha;13745;12975;770;6;19;-13
233;17;9;Bom Fim;11355;10473;882;35;19;16
233;17;9;Centro;39428;38508;920;34;12;22
233;17;9;Cidade Baixa;15291;14466;825;-6;11;-17
233;17;9;Farroupilha;1357;317;1040;-2;-2;0
233;17;9;Floresta;11606;10854;752;0;9;-9
233;17;9;Independência;7901;7088;813;2;13;-11
233;17;9;Menino Deus;31788;30930;858;-50;5;-55
233;17;9;Moinhos de Vento;11968;11225;743;-6;10;-16
233;17;9;Praia de Belas;2195;1601;594;15;15;0
233;17;9;Rio Branco;17492;16659;833;-28;8;-36
233;17;9;Santa Cecília;5625;4913;712;9;14;-5
233;17;9;Santana;20738;19910;828;-9;13;-22
234;18;9;Azenha;13774;12992;782;29;17;12
234;18;9;Bom Fim;11341;10490;851;-14;17;-31
234;18;9;Centro;39360;38519;841;-68;11;-79
234;18;9;Cidade Baixa;15273;14485;788;-18;19;-37
234;18;9;Farroupilha;1354;314;1040;-3;-3;0
234;18;9;Floresta;11609;10871;738;3;17;-14
234;18;9;Independência;7907;7111;796;6;23;-17
234;18;9;Menino Deus;31785;30941;844;-3;11;-14
234;18;9;Moinhos de Vento;11958;11239;719;-10;14;-24
234;18;9;Praia de Belas;2213;1618;595;18;17;1
234;18;9;Rio Branco;17525;16679;846;33;20;13
234;18;9;Santa Cecília;5643;4926;717;18;13;5
234;18;9;Santana;20747;19922;825;9;12;-3
235;19;9;Azenha;13773;13014;759;-1;22;-23
235;19;9;Bom Fim;11355;10512;843;14;22;-8
235;19;9;Centro;39332;38531;801;-28;12;-40
235;19;9;Cidade Baixa;15272;14502;770;-1;17;-18
235;19;9;Farroupilha;1354;313;1041;0;-1;1
235;19;9;Floresta;11615;10889;726;6;18;-12
235;19;9;Independência;7921;7134;787;14;23;-9
235;19;9;Menino Deus;31784;30958;826;-1;17;-18
235;19;9;Moinhos de Vento;11970;11255;715;12;16;-4
235;19;9;Praia de Belas;2228;1635;593;15;17;-2
235;19;9;Rio Branco;17509;16696;813;-16;17;-33
235;19;9;Santa Cecília;5662;4954;708;19;28;-9
235;19;9;Santana;20714;19939;775;-33;17;-50
236;20;9;Azenha;13768;12884;884;-5;-130;125
236;20;9;Bom Fim;11286;10313;973;-69;-199;130
236;20;9;Centro;39309;38419;890;-23;-112;89
236;20;9;Cidade Baixa;15262;14353;909;-10;-149;139
236;20;9;Farroupilha;1601;309;1292;247;-4;251
236;20;9;Floresta;11612;10759;853;-3;-130;127
236;20;9;Independência;7894;6962;932;-27;-172;145
236;20;9;Menino Deus;31716;30832;884;-68;-126;58
236;20;9;Moinhos de Vento;11962;11130;832;-8;-125;117
236;20;9;Praia de Belas;2240;1531;709;12;-104;116
236;20;9;Rio Branco;17488;16546;942;-21;-150;129
236;20;9;Santa Cecília;5639;4806;833;-23;-148;125
236;20;9;Santana;20712;19800;912;-2;-139;137
237;21;9;Azenha;13752;12899;853;-16;15;-31
237;21;9;Bom Fim;11307;10336;971;21;23;-2
237;21;9;Centro;39304;38429;875;-5;10;-15
237;21;9;Cidade Baixa;15253;14364;889;-9;11;-20
237;21;9;Farroupilha;1600;309;1291;-1;0;-1
237;21;9;Floresta;11613;10771;842;1;12;-11
237;21;9;Independência;7896;6977;919;2;15;-13
237;21;9;Menino Deus;31723;30846;877;7;14;-7
237;21;9;Moinhos de Vento;11957;11141;816;-5;11;-16
237;21;9;Praia de Belas;2254;1545;709;14;14;0
237;21;9;Rio Branco;17472;16558;914;-16;12;-28
237;21;9;Santa Cecília;5657;4825;832;18;19;-1
237;21;9;Santana;20701;19813;888;-11;13;-24
238;22;9;Azenha;13770;12943;827;18;44;-26
238;22;9;Bom Fim;11320;10386;934;13;50;-37
238;22;9;Centro;39218;38451;767;-86;22;-108
238;22;9;Cidade Baixa;15262;14409;853;9;45;-36
238;22;9;Farroupilha;1631;344;1287;31;35;-4
238;22;9;Floresta;11614;10804;810;1;33;-32
238;22;9;Independência;7929;7026;903;33;49;-16
238;22;9;Menino Deus;31669;30873;796;-54;27;-81
238;22;9;Moinhos de Vento;11967;11174;793;10;33;-23
238;22;9;Praia de Belas;2290;1583;707;36;38;-2
238;22;9;Rio Branco;17456;16592;864;-16;34;-50
238;22;9;Santa Cecília;5689;4867;822;32;42;-10
238;22;9;Santana;20674;19845;829;-27;32;-59
239;23;9;Azenha;13804;13804;0;34;861;-827
239;23;9;Bom Fim;11593;11593;0;273;1207;-934
239;23;9;Centro;39154;39154;0;-64;703;-767
239;23;9;Cidade Baixa;15379;15379;0;117;970;-853
239;23;9;Farroupilha;961;961;0;-670;617;-1287
239;23;9;Floresta;11596;11596;0;-18;792;-810
239;23;9;Independência;8112;8112;0;183;1086;-903
239;23;9;Menino Deus;31650;31650;0;-19;777;-796
239;23;9;Moinhos de Vento;11937;11937;0;-30;763;-793
239;23;9;Praia de Belas;2281;2281;0;-9;698;-707
239;23;9;Rio Branco;17531;17531;0;75;939;-864
239;23;9;Santa Cecília;5768;5768;0;79;901;-822
239;23;9;Santana;20723;20723;0;49;878;-829
